{'neg': 0.047, 'neu': 0.866, 'pos': 0.087, 'compound': 0.7841}
{'neg': 0.0, 'neu': 0.883, 'pos': 0.117, 'compound': 0.7351}
{'neg': 0.08, 'neu': 0.861, 'pos': 0.059, 'compound': -0.7319}
{'neg': 0.075, 'neu': 0.844, 'pos': 0.08, 'compound': 0.1651}
{'neg': 0.0, 'neu': 0.897, 'pos': 0.103, 'compound': 0.6326}
{'neg': 0.223, 'neu': 0.777, 'pos': 0.0, 'compound': -0.6486}
{'neg': 0.076, 'neu': 0.924, 'pos': 0.0, 'compound': -0.4215}
{'neg': 0.108, 'neu': 0.892, 'pos': 0.0, 'compound': -0.4199}
{'neg': 0.079, 'neu': 0.776, 'pos': 0.144, 'compound': 0.6369}
{'neg': 0.021, 'neu': 0.887, 'pos': 0.093, 'compound': 0.6767}
{'neg': 0.073, 'neu': 0.808, 'pos': 0.12, 'compound': 0.8797}
{'neg': 0.101, 'neu': 0.822, 'pos': 0.077, 'compound': -0.662}
{'neg': 0.039, 'neu': 0.806, 'pos': 0.155, 'compound': 0.7553}
{'neg': 0.061, 'neu': 0.67, 'pos': 0.269, 'compound': 0.9231}
{'neg': 0.223, 'neu': 0.738, 'pos': 0.039, 'compound': -0.8934}
{'neg': 0.0, 'neu': 0.763, 'pos': 0.237, 'compound': 0.8975}
{'neg': 0.081, 'neu': 0.803, 'pos': 0.116, 'compound': 0.7134}
{'neg': 0.092, 'neu': 0.65, 'pos': 0.258, 'compound': 0.9743}
{'neg': 0.101, 'neu': 0.824, 'pos': 0.075, 'compound': -0.6325}
{'neg': 0.038, 'neu': 0.799, 'pos': 0.163, 'compound': 0.9501}
{'neg': 0.04, 'neu': 0.771, 'pos': 0.189, 'compound': 0.7712}
{'neg': 0.171, 'neu': 0.743, 'pos': 0.087, 'compound': -0.8309}
{'neg': 0.188, 'neu': 0.812, 'pos': 0.0, 'compound': -0.8316}
{'neg': 0.052, 'neu': 0.82, 'pos': 0.129, 'compound': 0.9833}
{'neg': 0.109, 'neu': 0.786, 'pos': 0.106, 'compound': -0.507}
{'neg': 0.036, 'neu': 0.854, 'pos': 0.11, 'compound': 0.848}
{'neg': 0.035, 'neu': 0.748, 'pos': 0.217, 'compound': 0.9337}
{'neg': 0.151, 'neu': 0.695, 'pos': 0.154, 'compound': -0.4174}
{'neg': 0.159, 'neu': 0.668, 'pos': 0.174, 'compound': -0.0258}
{'neg': 0.053, 'neu': 0.947, 'pos': 0.0, 'compound': -0.3025}
{'neg': 0.177, 'neu': 0.691, 'pos': 0.132, 'compound': 0.0772}
{'neg': 0.041, 'neu': 0.894, 'pos': 0.064, 'compound': 0.2617}
{'neg': 0.064, 'neu': 0.622, 'pos': 0.314, 'compound': 0.9335}
{'neg': 0.148, 'neu': 0.852, 'pos': 0.0, 'compound': -0.5106}
{'neg': 0.077, 'neu': 0.782, 'pos': 0.142, 'compound': 0.4438}
{'neg': 0.191, 'neu': 0.627, 'pos': 0.181, 'compound': -0.4098}
{'neg': 0.293, 'neu': 0.607, 'pos': 0.1, 'compound': -0.9779}
{'neg': 0.339, 'neu': 0.661, 'pos': 0.0, 'compound': -0.6249}
{'neg': 0.0, 'neu': 0.889, 'pos': 0.111, 'compound': 0.5764}
{'neg': 0.039, 'neu': 0.752, 'pos': 0.21, 'compound': 0.9966}
{'neg': 0.0, 'neu': 0.803, 'pos': 0.197, 'compound': 0.5994}
{'neg': 0.092, 'neu': 0.767, 'pos': 0.141, 'compound': 0.2757}
{'neg': 0.199, 'neu': 0.737, 'pos': 0.064, 'compound': -0.722}
{'neg': 0.123, 'neu': 0.697, 'pos': 0.18, 'compound': 0.8532}
{'neg': 0.092, 'neu': 0.908, 'pos': 0.0, 'compound': -0.7876}
{'neg': 0.027, 'neu': 0.874, 'pos': 0.099, 'compound': 0.5672}
{'neg': 0.134, 'neu': 0.747, 'pos': 0.119, 'compound': -0.1989}
{'neg': 0.134, 'neu': 0.866, 'pos': 0.0, 'compound': -0.8857}
{'neg': 0.239, 'neu': 0.761, 'pos': 0.0, 'compound': -0.7845}
{'neg': 0.12, 'neu': 0.73, 'pos': 0.15, 'compound': 0.2023}
{'neg': 0.0, 'neu': 0.909, 'pos': 0.091, 'compound': 0.1779}
{'neg': 0.071, 'neu': 0.724, 'pos': 0.204, 'compound': 0.9699}
{'neg': 0.053, 'neu': 0.74, 'pos': 0.207, 'compound': 0.9392}
{'neg': 0.0, 'neu': 0.774, 'pos': 0.226, 'compound': 0.8806}
{'neg': 0.0, 'neu': 1.0, 'pos': 0.0, 'compound': 0.0}
{'neg': 0.137, 'neu': 0.755, 'pos': 0.108, 'compound': -0.5719}
{'neg': 0.22, 'neu': 0.703, 'pos': 0.076, 'compound': -0.6908}
{'neg': 0.0, 'neu': 1.0, 'pos': 0.0, 'compound': 0.0}
{'neg': 0.0, 'neu': 1.0, 'pos': 0.0, 'compound': 0.0}
{'neg': 0.033, 'neu': 0.844, 'pos': 0.123, 'compound': 0.7506}
{'neg': 0.055, 'neu': 0.842, 'pos': 0.104, 'compound': 0.3626}
{'neg': 0.373, 'neu': 0.533, 'pos': 0.094, 'compound': -0.9628}
{'neg': 0.096, 'neu': 0.904, 'pos': 0.0, 'compound': -0.5106}
{'neg': 0.169, 'neu': 0.58, 'pos': 0.251, 'compound': 0.1759}
{'neg': 0.04, 'neu': 0.911, 'pos': 0.049, 'compound': 0.1822}
{'neg': 0.116, 'neu': 0.808, 'pos': 0.076, 'compound': -0.3612}
{'neg': 0.0, 'neu': 1.0, 'pos': 0.0, 'compound': 0.0}
{'neg': 0.085, 'neu': 0.82, 'pos': 0.095, 'compound': -0.8262}
{'neg': 0.152, 'neu': 0.744, 'pos': 0.104, 'compound': -0.6124}
{'neg': 0.184, 'neu': 0.717, 'pos': 0.098, 'compound': -0.9426}
{'neg': 0.0, 'neu': 0.922, 'pos': 0.078, 'compound': 0.7551}
{'neg': 0.204, 'neu': 0.796, 'pos': 0.0, 'compound': -0.6808}
{'neg': 0.0, 'neu': 0.923, 'pos': 0.077, 'compound': 0.6597}
{'neg': 0.0, 'neu': 0.839, 'pos': 0.161, 'compound': 0.7114}
{'neg': 0.07, 'neu': 0.795, 'pos': 0.135, 'compound': 0.8919}
{'neg': 0.191, 'neu': 0.769, 'pos': 0.04, 'compound': -0.7269}
{'neg': 0.261, 'neu': 0.688, 'pos': 0.05, 'compound': -0.9524}
{'neg': 0.239, 'neu': 0.7, 'pos': 0.061, 'compound': -0.8988}
{'neg': 0.0, 'neu': 0.872, 'pos': 0.128, 'compound': 0.3612}
{'neg': 0.136, 'neu': 0.709, 'pos': 0.155, 'compound': -0.5068}
{'neg': 0.0, 'neu': 1.0, 'pos': 0.0, 'compound': 0.0}
{'neg': 0.148, 'neu': 0.792, 'pos': 0.06, 'compound': -0.9682}
{'neg': 0.097, 'neu': 0.757, 'pos': 0.147, 'compound': 0.9466}
{'neg': 0.119, 'neu': 0.738, 'pos': 0.143, 'compound': 0.5319}
{'neg': 0.0, 'neu': 0.797, 'pos': 0.203, 'compound': 0.8658}
{'neg': 0.188, 'neu': 0.488, 'pos': 0.325, 'compound': 0.4232}
{'neg': 0.104, 'neu': 0.79, 'pos': 0.106, 'compound': 0.0258}
{'neg': 0.063, 'neu': 0.79, 'pos': 0.148, 'compound': 0.633}
{'neg': 0.0, 'neu': 0.919, 'pos': 0.081, 'compound': 0.296}
{'neg': 0.028, 'neu': 0.783, 'pos': 0.188, 'compound': 0.8979}
{'neg': 0.085, 'neu': 0.849, 'pos': 0.066, 'compound': -0.2998}
{'neg': 0.253, 'neu': 0.616, 'pos': 0.13, 'compound': -0.4215}
{'neg': 0.164, 'neu': 0.643, 'pos': 0.193, 'compound': 0.1027}
{'neg': 0.068, 'neu': 0.847, 'pos': 0.085, 'compound': 0.6305}
{'neg': 0.306, 'neu': 0.589, 'pos': 0.105, 'compound': -0.9399}
{'neg': 0.055, 'neu': 0.819, 'pos': 0.126, 'compound': 0.9011}
{'neg': 0.064, 'neu': 0.84, 'pos': 0.096, 'compound': 0.912}
{'neg': 0.0, 'neu': 1.0, 'pos': 0.0, 'compound': 0.0}
{'neg': 0.166, 'neu': 0.507, 'pos': 0.327, 'compound': 0.5423}
{'neg': 0.442, 'neu': 0.558, 'pos': 0.0, 'compound': -0.9091}
{'neg': 0.275, 'neu': 0.599, 'pos': 0.126, 'compound': -0.968}
{'neg': 0.066, 'neu': 0.871, 'pos': 0.063, 'compound': -0.3528}
{'neg': 0.0, 'neu': 0.843, 'pos': 0.157, 'compound': 0.6597}
{'neg': 0.068, 'neu': 0.825, 'pos': 0.106, 'compound': 0.6621}
{'neg': 0.0, 'neu': 1.0, 'pos': 0.0, 'compound': 0.0}
{'neg': 0.09, 'neu': 0.786, 'pos': 0.125, 'compound': 0.9774}
{'neg': 0.255, 'neu': 0.651, 'pos': 0.094, 'compound': -0.8003}
{'neg': 0.063, 'neu': 0.937, 'pos': 0.0, 'compound': -0.2732}
{'neg': 0.097, 'neu': 0.752, 'pos': 0.151, 'compound': 0.4843}
{'neg': 0.168, 'neu': 0.805, 'pos': 0.028, 'compound': -0.7626}
{'neg': 0.0, 'neu': 0.87, 'pos': 0.13, 'compound': 0.4019}
{'neg': 0.0, 'neu': 1.0, 'pos': 0.0, 'compound': 0.0}
{'neg': 0.042, 'neu': 0.67, 'pos': 0.287, 'compound': 0.8957}
{'neg': 0.063, 'neu': 0.85, 'pos': 0.087, 'compound': 0.0}
{'neg': 0.059, 'neu': 0.856, 'pos': 0.085, 'compound': 0.2247}
{'neg': 0.135, 'neu': 0.865, 'pos': 0.0, 'compound': -0.1027}
{'neg': 0.046, 'neu': 0.868, 'pos': 0.087, 'compound': 0.3027}
{'neg': 0.089, 'neu': 0.819, 'pos': 0.092, 'compound': 0.0276}
{'neg': 0.0, 'neu': 1.0, 'pos': 0.0, 'compound': 0.0}
{'neg': 0.063, 'neu': 0.846, 'pos': 0.091, 'compound': 0.5504}
{'neg': 0.093, 'neu': 0.846, 'pos': 0.061, 'compound': -0.3612}
{'neg': 0.209, 'neu': 0.791, 'pos': 0.0, 'compound': -0.4404}
{'neg': 0.051, 'neu': 0.919, 'pos': 0.029, 'compound': -0.3382}
{'neg': 0.0, 'neu': 0.878, 'pos': 0.122, 'compound': 0.4926}
{'neg': 0.0, 'neu': 1.0, 'pos': 0.0, 'compound': 0.0}
{'neg': 0.013, 'neu': 0.859, 'pos': 0.128, 'compound': 0.9169}
{'neg': 0.0, 'neu': 1.0, 'pos': 0.0, 'compound': 0.0}
{'neg': 0.0, 'neu': 1.0, 'pos': 0.0, 'compound': 0.0}
{'neg': 0.11, 'neu': 0.89, 'pos': 0.0, 'compound': -0.3804}
{'neg': 0.083, 'neu': 0.917, 'pos': 0.0, 'compound': -0.2023}
{'neg': 0.121, 'neu': 0.69, 'pos': 0.19, 'compound': 0.1531}
{'neg': 0.0, 'neu': 0.878, 'pos': 0.122, 'compound': 0.6597}
{'neg': 0.0, 'neu': 0.861, 'pos': 0.139, 'compound': 0.5719}
{'neg': 0.0, 'neu': 0.839, 'pos': 0.161, 'compound': 0.7269}
{'neg': 0.093, 'neu': 0.854, 'pos': 0.054, 'compound': -0.1818}
{'neg': 0.051, 'neu': 0.899, 'pos': 0.051, 'compound': -0.2887}
{'neg': 0.129, 'neu': 0.578, 'pos': 0.293, 'compound': 0.5719}
{'neg': 0.0, 'neu': 0.872, 'pos': 0.128, 'compound': 0.3612}
{'neg': 0.363, 'neu': 0.637, 'pos': 0.0, 'compound': -0.6115}
{'neg': 0.112, 'neu': 0.767, 'pos': 0.121, 'compound': 0.6248}
{'neg': 0.084, 'neu': 0.812, 'pos': 0.104, 'compound': 0.4019}
{'neg': 0.178, 'neu': 0.738, 'pos': 0.084, 'compound': -0.9099}
{'neg': 0.25, 'neu': 0.641, 'pos': 0.109, 'compound': -0.75}
{'neg': 0.127, 'neu': 0.668, 'pos': 0.205, 'compound': 0.6808}
{'neg': 0.0, 'neu': 1.0, 'pos': 0.0, 'compound': 0.0}
{'neg': 0.044, 'neu': 0.85, 'pos': 0.105, 'compound': 0.5095}
{'neg': 0.049, 'neu': 0.79, 'pos': 0.16, 'compound': 0.9239}
{'neg': 0.0, 'neu': 0.885, 'pos': 0.115, 'compound': 0.8688}
{'neg': 0.195, 'neu': 0.649, 'pos': 0.156, 'compound': -0.835}
{'neg': 0.236, 'neu': 0.673, 'pos': 0.091, 'compound': -0.9186}
{'neg': 0.088, 'neu': 0.815, 'pos': 0.097, 'compound': 0.0675}
{'neg': 0.0, 'neu': 0.658, 'pos': 0.342, 'compound': 0.3818}
{'neg': 0.032, 'neu': 0.757, 'pos': 0.211, 'compound': 0.8587}
{'neg': 0.079, 'neu': 0.772, 'pos': 0.149, 'compound': 0.9034}
{'neg': 0.0, 'neu': 0.892, 'pos': 0.108, 'compound': 0.9313}
{'neg': 0.158, 'neu': 0.777, 'pos': 0.065, 'compound': -0.9246}
{'neg': 0.0, 'neu': 0.841, 'pos': 0.159, 'compound': 0.5562}
{'neg': 0.0, 'neu': 0.95, 'pos': 0.05, 'compound': 0.3544}
{'neg': 0.038, 'neu': 0.872, 'pos': 0.09, 'compound': 0.2975}
{'neg': 0.212, 'neu': 0.735, 'pos': 0.053, 'compound': -0.8225}
{'neg': 0.019, 'neu': 0.88, 'pos': 0.101, 'compound': 0.7958}
{'neg': 0.12, 'neu': 0.771, 'pos': 0.109, 'compound': -0.4855}
{'neg': 0.15, 'neu': 0.735, 'pos': 0.115, 'compound': -0.5423}
{'neg': 0.352, 'neu': 0.618, 'pos': 0.03, 'compound': -0.9819}
{'neg': 0.235, 'neu': 0.702, 'pos': 0.063, 'compound': -0.6858}
{'neg': 0.008, 'neu': 0.902, 'pos': 0.09, 'compound': 0.8946}
{'neg': 0.154, 'neu': 0.788, 'pos': 0.058, 'compound': -0.8951}
{'neg': 0.079, 'neu': 0.757, 'pos': 0.163, 'compound': 0.705}
{'neg': 0.227, 'neu': 0.773, 'pos': 0.0, 'compound': -0.6249}
{'neg': 0.207, 'neu': 0.71, 'pos': 0.083, 'compound': -0.8831}
{'neg': 0.0, 'neu': 1.0, 'pos': 0.0, 'compound': 0.0}
{'neg': 0.0, 'neu': 1.0, 'pos': 0.0, 'compound': 0.0}
{'neg': 0.0, 'neu': 1.0, 'pos': 0.0, 'compound': 0.0}
{'neg': 0.085, 'neu': 0.891, 'pos': 0.024, 'compound': -0.7372}
{'neg': 0.0, 'neu': 0.803, 'pos': 0.197, 'compound': 0.8221}
{'neg': 0.0, 'neu': 1.0, 'pos': 0.0, 'compound': 0.0}
{'neg': 0.091, 'neu': 0.769, 'pos': 0.14, 'compound': 0.3506}
{'neg': 0.093, 'neu': 0.67, 'pos': 0.237, 'compound': 0.9104}
{'neg': 0.3, 'neu': 0.7, 'pos': 0.0, 'compound': -0.8462}
{'neg': 0.0, 'neu': 0.759, 'pos': 0.241, 'compound': 0.6597}
{'neg': 0.0, 'neu': 0.882, 'pos': 0.118, 'compound': 0.5707}
{'neg': 0.047, 'neu': 0.953, 'pos': 0.0, 'compound': -0.296}
{'neg': 0.062, 'neu': 0.806, 'pos': 0.131, 'compound': 0.6808}
{'neg': 0.047, 'neu': 0.749, 'pos': 0.204, 'compound': 0.9237}
{'neg': 0.104, 'neu': 0.748, 'pos': 0.148, 'compound': 0.6177}
{'neg': 0.139, 'neu': 0.861, 'pos': 0.0, 'compound': -0.7009}
{'neg': 0.0, 'neu': 1.0, 'pos': 0.0, 'compound': 0.0}
{'neg': 0.241, 'neu': 0.707, 'pos': 0.052, 'compound': -0.9559}
{'neg': 0.112, 'neu': 0.814, 'pos': 0.074, 'compound': -0.7293}
{'neg': 0.078, 'neu': 0.696, 'pos': 0.225, 'compound': 0.6628}
{'neg': 0.087, 'neu': 0.85, 'pos': 0.063, 'compound': -0.7212}
{'neg': 0.0, 'neu': 1.0, 'pos': 0.0, 'compound': 0.0}
{'neg': 0.211, 'neu': 0.789, 'pos': 0.0, 'compound': -0.4497}
{'neg': 0.0, 'neu': 0.93, 'pos': 0.07, 'compound': 0.5093}
{'neg': 0.107, 'neu': 0.812, 'pos': 0.081, 'compound': -0.3818}
{'neg': 0.142, 'neu': 0.782, 'pos': 0.076, 'compound': -0.8602}
{'neg': 0.086, 'neu': 0.672, 'pos': 0.242, 'compound': 0.7003}
{'neg': 0.0, 'neu': 0.747, 'pos': 0.253, 'compound': 0.8684}
{'neg': 0.095, 'neu': 0.617, 'pos': 0.288, 'compound': 0.886}
{'neg': 0.0, 'neu': 0.8, 'pos': 0.2, 'compound': 0.8507}
{'neg': 0.102, 'neu': 0.855, 'pos': 0.043, 'compound': -0.8762}
{'neg': 0.059, 'neu': 0.911, 'pos': 0.03, 'compound': -0.3818}
{'neg': 0.032, 'neu': 0.789, 'pos': 0.179, 'compound': 0.9116}
{'neg': 0.251, 'neu': 0.749, 'pos': 0.0, 'compound': -0.8658}
{'neg': 0.0, 'neu': 0.857, 'pos': 0.143, 'compound': 0.3274}
{'neg': 0.096, 'neu': 0.771, 'pos': 0.133, 'compound': 0.3818}
{'neg': 0.0, 'neu': 0.874, 'pos': 0.126, 'compound': 0.6671}
{'neg': 0.057, 'neu': 0.813, 'pos': 0.13, 'compound': 0.5106}
{'neg': 0.037, 'neu': 0.777, 'pos': 0.187, 'compound': 0.9033}
{'neg': 0.182, 'neu': 0.696, 'pos': 0.122, 'compound': -0.7133}
{'neg': 0.091, 'neu': 0.849, 'pos': 0.06, 'compound': -0.5994}
{'neg': 0.293, 'neu': 0.707, 'pos': 0.0, 'compound': -0.4404}
{'neg': 0.175, 'neu': 0.768, 'pos': 0.057, 'compound': -0.765}
{'neg': 0.0, 'neu': 0.824, 'pos': 0.176, 'compound': 0.5719}
{'neg': 0.098, 'neu': 0.776, 'pos': 0.127, 'compound': 0.1787}
{'neg': 0.103, 'neu': 0.766, 'pos': 0.132, 'compound': 0.2263}
{'neg': 0.118, 'neu': 0.843, 'pos': 0.038, 'compound': -0.7506}
{'neg': 0.111, 'neu': 0.795, 'pos': 0.094, 'compound': -0.34}
{'neg': 0.067, 'neu': 0.855, 'pos': 0.078, 'compound': -0.0772}
{'neg': 0.14, 'neu': 0.767, 'pos': 0.094, 'compound': -0.4019}
{'neg': 0.143, 'neu': 0.775, 'pos': 0.083, 'compound': -0.975}
{'neg': 0.106, 'neu': 0.784, 'pos': 0.11, 'compound': 0.0253}
{'neg': 0.086, 'neu': 0.76, 'pos': 0.154, 'compound': 0.8948}
{'neg': 0.3, 'neu': 0.591, 'pos': 0.109, 'compound': -0.6369}
{'neg': 0.08, 'neu': 0.838, 'pos': 0.082, 'compound': 0.376}
{'neg': 0.316, 'neu': 0.684, 'pos': 0.0, 'compound': -0.7252}
{'neg': 0.051, 'neu': 0.918, 'pos': 0.031, 'compound': -0.2225}
{'neg': 0.124, 'neu': 0.876, 'pos': 0.0, 'compound': -0.7269}
{'neg': 0.0, 'neu': 0.912, 'pos': 0.088, 'compound': 0.3818}
{'neg': 0.1, 'neu': 0.733, 'pos': 0.167, 'compound': 0.3786}
{'neg': 0.145, 'neu': 0.646, 'pos': 0.21, 'compound': 0.6054}
{'neg': 0.242, 'neu': 0.685, 'pos': 0.073, 'compound': -0.91}
{'neg': 0.033, 'neu': 0.876, 'pos': 0.09, 'compound': 0.25}
{'neg': 0.037, 'neu': 0.801, 'pos': 0.162, 'compound': 0.807}
{'neg': 0.037, 'neu': 0.905, 'pos': 0.058, 'compound': 0.3612}
{'neg': 0.149, 'neu': 0.727, 'pos': 0.124, 'compound': -0.1672}
{'neg': 0.283, 'neu': 0.593, 'pos': 0.124, 'compound': -0.9371}
{'neg': 0.12, 'neu': 0.83, 'pos': 0.05, 'compound': -0.5106}
{'neg': 0.0, 'neu': 0.872, 'pos': 0.128, 'compound': 0.9264}
{'neg': 0.234, 'neu': 0.766, 'pos': 0.0, 'compound': -0.7269}
{'neg': 0.033, 'neu': 0.83, 'pos': 0.137, 'compound': 0.8555}
{'neg': 0.198, 'neu': 0.686, 'pos': 0.116, 'compound': -0.5267}
{'neg': 0.237, 'neu': 0.763, 'pos': 0.0, 'compound': -0.4215}
{'neg': 0.143, 'neu': 0.857, 'pos': 0.0, 'compound': -0.5423}
{'neg': 0.128, 'neu': 0.837, 'pos': 0.035, 'compound': -0.7579}
{'neg': 0.102, 'neu': 0.727, 'pos': 0.171, 'compound': 0.9926}
{'neg': 0.206, 'neu': 0.671, 'pos': 0.123, 'compound': -0.3561}
{'neg': 0.0, 'neu': 0.877, 'pos': 0.123, 'compound': 0.2732}
{'neg': 0.096, 'neu': 0.904, 'pos': 0.0, 'compound': -0.7696}
{'neg': 0.069, 'neu': 0.812, 'pos': 0.118, 'compound': 0.738}
{'neg': 0.0, 'neu': 0.839, 'pos': 0.161, 'compound': 0.3612}
{'neg': 0.222, 'neu': 0.728, 'pos': 0.05, 'compound': -0.7941}
{'neg': 0.245, 'neu': 0.755, 'pos': 0.0, 'compound': -0.3818}
{'neg': 0.235, 'neu': 0.765, 'pos': 0.0, 'compound': -0.6124}
{'neg': 0.191, 'neu': 0.676, 'pos': 0.133, 'compound': -0.6489}
{'neg': 0.149, 'neu': 0.71, 'pos': 0.141, 'compound': -0.3491}
{'neg': 0.0, 'neu': 0.681, 'pos': 0.319, 'compound': 0.9622}
{'neg': 0.266, 'neu': 0.704, 'pos': 0.029, 'compound': -0.9857}
{'neg': 0.019, 'neu': 0.718, 'pos': 0.263, 'compound': 0.9898}
{'neg': 0.0, 'neu': 0.808, 'pos': 0.192, 'compound': 0.3859}
{'neg': 0.266, 'neu': 0.583, 'pos': 0.151, 'compound': -0.4153}
{'neg': 0.205, 'neu': 0.715, 'pos': 0.08, 'compound': -0.9605}
{'neg': 0.314, 'neu': 0.593, 'pos': 0.094, 'compound': -0.6652}
{'neg': 0.082, 'neu': 0.747, 'pos': 0.171, 'compound': 0.9089}
{'neg': 0.111, 'neu': 0.753, 'pos': 0.136, 'compound': 0.0038}
{'neg': 0.13, 'neu': 0.709, 'pos': 0.161, 'compound': 0.4417}
{'neg': 0.045, 'neu': 0.801, 'pos': 0.154, 'compound': 0.8575}
{'neg': 0.085, 'neu': 0.915, 'pos': 0.0, 'compound': -0.4199}
{'neg': 0.067, 'neu': 0.904, 'pos': 0.029, 'compound': -0.4939}
{'neg': 0.18, 'neu': 0.82, 'pos': 0.0, 'compound': -0.296}
{'neg': 0.0, 'neu': 0.929, 'pos': 0.071, 'compound': 0.3818}
{'neg': 0.046, 'neu': 0.954, 'pos': 0.0, 'compound': -0.2405}
{'neg': 0.076, 'neu': 0.76, 'pos': 0.164, 'compound': 0.8799}
{'neg': 0.086, 'neu': 0.878, 'pos': 0.037, 'compound': -0.4703}
{'neg': 0.102, 'neu': 0.898, 'pos': 0.0, 'compound': -0.6105}
{'neg': 0.123, 'neu': 0.791, 'pos': 0.087, 'compound': -0.3434}
{'neg': 0.02, 'neu': 0.888, 'pos': 0.092, 'compound': 0.801}
{'neg': 0.0, 'neu': 0.8, 'pos': 0.2, 'compound': 0.5023}
{'neg': 0.143, 'neu': 0.82, 'pos': 0.037, 'compound': -0.8492}
{'neg': 0.0, 'neu': 1.0, 'pos': 0.0, 'compound': 0.0}
{'neg': 0.0, 'neu': 0.861, 'pos': 0.139, 'compound': 0.91}
{'neg': 0.207, 'neu': 0.662, 'pos': 0.131, 'compound': -0.5091}
{'neg': 0.375, 'neu': 0.521, 'pos': 0.104, 'compound': -0.9729}
{'neg': 0.075, 'neu': 0.858, 'pos': 0.067, 'compound': -0.3869}
{'neg': 0.114, 'neu': 0.819, 'pos': 0.067, 'compound': -0.6197}
{'neg': 0.06, 'neu': 0.745, 'pos': 0.195, 'compound': 0.6758}
{'neg': 0.0, 'neu': 0.811, 'pos': 0.189, 'compound': 0.4215}
{'neg': 0.0, 'neu': 0.87, 'pos': 0.13, 'compound': 0.891}
{'neg': 0.11, 'neu': 0.89, 'pos': 0.0, 'compound': -0.4939}
{'neg': 0.126, 'neu': 0.687, 'pos': 0.187, 'compound': 0.5423}
{'neg': 0.085, 'neu': 0.857, 'pos': 0.058, 'compound': -0.1974}
{'neg': 0.108, 'neu': 0.762, 'pos': 0.13, 'compound': 0.636}
{'neg': 0.156, 'neu': 0.707, 'pos': 0.137, 'compound': -0.2263}
{'neg': 0.077, 'neu': 0.84, 'pos': 0.082, 'compound': -0.1655}
{'neg': 0.116, 'neu': 0.845, 'pos': 0.039, 'compound': -0.7783}
{'neg': 0.0, 'neu': 0.826, 'pos': 0.174, 'compound': 0.765}
{'neg': 0.094, 'neu': 0.746, 'pos': 0.159, 'compound': 0.9632}
{'neg': 0.13, 'neu': 0.813, 'pos': 0.057, 'compound': -0.5574}
{'neg': 0.0, 'neu': 1.0, 'pos': 0.0, 'compound': 0.0}
{'neg': 0.074, 'neu': 0.656, 'pos': 0.27, 'compound': 0.8739}
{'neg': 0.043, 'neu': 0.791, 'pos': 0.165, 'compound': 0.97}
{'neg': 0.136, 'neu': 0.668, 'pos': 0.195, 'compound': 0.5106}
{'neg': 0.373, 'neu': 0.627, 'pos': 0.0, 'compound': -0.8934}
{'neg': 0.116, 'neu': 0.788, 'pos': 0.096, 'compound': -0.1513}
{'neg': 0.102, 'neu': 0.847, 'pos': 0.051, 'compound': -0.6597}
{'neg': 0.103, 'neu': 0.832, 'pos': 0.065, 'compound': -0.3297}
{'neg': 0.0, 'neu': 1.0, 'pos': 0.0, 'compound': 0.0}
{'neg': 0.108, 'neu': 0.826, 'pos': 0.066, 'compound': -0.6114}
{'neg': 0.0, 'neu': 0.849, 'pos': 0.151, 'compound': 0.7964}
{'neg': 0.128, 'neu': 0.773, 'pos': 0.099, 'compound': -0.4939}
{'neg': 0.087, 'neu': 0.704, 'pos': 0.208, 'compound': 0.5106}
{'neg': 0.056, 'neu': 0.827, 'pos': 0.117, 'compound': 0.6849}
{'neg': 0.107, 'neu': 0.848, 'pos': 0.045, 'compound': -0.7268}
{'neg': 0.044, 'neu': 0.809, 'pos': 0.147, 'compound': 0.8356}
{'neg': 0.058, 'neu': 0.888, 'pos': 0.054, 'compound': -0.0387}
{'neg': 0.0, 'neu': 0.918, 'pos': 0.082, 'compound': 0.1779}
{'neg': 0.118, 'neu': 0.608, 'pos': 0.274, 'compound': 0.8392}
{'neg': 0.219, 'neu': 0.723, 'pos': 0.058, 'compound': -0.9893}
{'neg': 0.058, 'neu': 0.774, 'pos': 0.168, 'compound': 0.7512}
{'neg': 0.169, 'neu': 0.7, 'pos': 0.131, 'compound': -0.53}
{'neg': 0.0, 'neu': 0.821, 'pos': 0.179, 'compound': 0.8999}
{'neg': 0.261, 'neu': 0.661, 'pos': 0.078, 'compound': -0.7269}
{'neg': 0.224, 'neu': 0.776, 'pos': 0.0, 'compound': -0.9587}
{'neg': 0.0, 'neu': 0.735, 'pos': 0.265, 'compound': 0.2023}
{'neg': 0.167, 'neu': 0.691, 'pos': 0.142, 'compound': -0.9018}
{'neg': 0.0, 'neu': 0.612, 'pos': 0.388, 'compound': 0.6908}
{'neg': 0.175, 'neu': 0.759, 'pos': 0.066, 'compound': -0.431}
{'neg': 0.058, 'neu': 0.883, 'pos': 0.058, 'compound': 0.0}
{'neg': 0.056, 'neu': 0.902, 'pos': 0.042, 'compound': -0.5423}
{'neg': 0.068, 'neu': 0.855, 'pos': 0.077, 'compound': 0.4753}
{'neg': 0.084, 'neu': 0.916, 'pos': 0.0, 'compound': -0.6369}
{'neg': 0.057, 'neu': 0.777, 'pos': 0.165, 'compound': 0.9514}
{'neg': 0.074, 'neu': 0.831, 'pos': 0.094, 'compound': 0.2471}
{'neg': 0.089, 'neu': 0.805, 'pos': 0.105, 'compound': 0.3182}
{'neg': 0.1, 'neu': 0.833, 'pos': 0.067, 'compound': -0.4517}
{'neg': 0.247, 'neu': 0.693, 'pos': 0.06, 'compound': -0.9382}
{'neg': 0.236, 'neu': 0.637, 'pos': 0.127, 'compound': -0.8268}
{'neg': 0.088, 'neu': 0.876, 'pos': 0.036, 'compound': -0.6124}
{'neg': 0.083, 'neu': 0.846, 'pos': 0.071, 'compound': -0.1759}
{'neg': 0.064, 'neu': 0.892, 'pos': 0.044, 'compound': -0.1868}
{'neg': 0.0, 'neu': 0.913, 'pos': 0.087, 'compound': 0.6808}
{'neg': 0.257, 'neu': 0.743, 'pos': 0.0, 'compound': -0.6696}
{'neg': 0.086, 'neu': 0.914, 'pos': 0.0, 'compound': -0.5267}
{'neg': 0.063, 'neu': 0.87, 'pos': 0.067, 'compound': 0.046}
{'neg': 0.0, 'neu': 1.0, 'pos': 0.0, 'compound': 0.0}
{'neg': 0.118, 'neu': 0.813, 'pos': 0.068, 'compound': -0.8485}
{'neg': 0.201, 'neu': 0.647, 'pos': 0.152, 'compound': -0.6579}
{'neg': 0.025, 'neu': 0.904, 'pos': 0.071, 'compound': 0.7346}
{'neg': 0.116, 'neu': 0.87, 'pos': 0.013, 'compound': -0.9026}
{'neg': 0.044, 'neu': 0.799, 'pos': 0.156, 'compound': 0.9817}
{'neg': 0.086, 'neu': 0.89, 'pos': 0.024, 'compound': -0.6174}
{'neg': 0.148, 'neu': 0.713, 'pos': 0.138, 'compound': -0.802}
{'neg': 0.216, 'neu': 0.721, 'pos': 0.063, 'compound': -0.9711}
{'neg': 0.0, 'neu': 0.696, 'pos': 0.304, 'compound': 0.6407}
{'neg': 0.0, 'neu': 0.905, 'pos': 0.095, 'compound': 0.786}
{'neg': 0.081, 'neu': 0.857, 'pos': 0.061, 'compound': -0.4843}
{'neg': 0.083, 'neu': 0.903, 'pos': 0.014, 'compound': -0.7809}
{'neg': 0.071, 'neu': 0.804, 'pos': 0.125, 'compound': 0.4745}
{'neg': 0.214, 'neu': 0.786, 'pos': 0.0, 'compound': -0.8271}
{'neg': 0.143, 'neu': 0.654, 'pos': 0.203, 'compound': 0.5423}
{'neg': 0.155, 'neu': 0.768, 'pos': 0.078, 'compound': -0.8875}
{'neg': 0.189, 'neu': 0.765, 'pos': 0.046, 'compound': -0.7371}
{'neg': 0.099, 'neu': 0.824, 'pos': 0.077, 'compound': -0.2023}
{'neg': 0.225, 'neu': 0.66, 'pos': 0.115, 'compound': -0.6542}
{'neg': 0.304, 'neu': 0.696, 'pos': 0.0, 'compound': -0.8628}
{'neg': 0.141, 'neu': 0.691, 'pos': 0.168, 'compound': 0.3472}
{'neg': 0.085, 'neu': 0.861, 'pos': 0.054, 'compound': -0.5037}
{'neg': 0.066, 'neu': 0.841, 'pos': 0.093, 'compound': 0.582}
{'neg': 0.076, 'neu': 0.833, 'pos': 0.091, 'compound': -0.0103}
{'neg': 0.0, 'neu': 0.592, 'pos': 0.408, 'compound': 0.7841}
{'neg': 0.047, 'neu': 0.682, 'pos': 0.271, 'compound': 0.8202}
{'neg': 0.0, 'neu': 0.87, 'pos': 0.13, 'compound': 0.34}
{'neg': 0.113, 'neu': 0.812, 'pos': 0.076, 'compound': -0.3251}
{'neg': 0.112, 'neu': 0.778, 'pos': 0.11, 'compound': -0.119}
{'neg': 0.02, 'neu': 0.84, 'pos': 0.14, 'compound': 0.8779}
{'neg': 0.0, 'neu': 0.779, 'pos': 0.221, 'compound': 0.1779}
{'neg': 0.0, 'neu': 1.0, 'pos': 0.0, 'compound': 0.0}
{'neg': 0.131, 'neu': 0.797, 'pos': 0.072, 'compound': -0.3612}
{'neg': 0.0, 'neu': 0.84, 'pos': 0.16, 'compound': 0.802}
{'neg': 0.078, 'neu': 0.805, 'pos': 0.117, 'compound': 0.8873}
{'neg': 0.185, 'neu': 0.758, 'pos': 0.057, 'compound': -0.9567}
{'neg': 0.123, 'neu': 0.877, 'pos': 0.0, 'compound': -0.4215}
{'neg': 0.103, 'neu': 0.819, 'pos': 0.077, 'compound': -0.6696}
{'neg': 0.179, 'neu': 0.676, 'pos': 0.144, 'compound': -0.5719}
{'neg': 0.0, 'neu': 1.0, 'pos': 0.0, 'compound': 0.0}
{'neg': 0.069, 'neu': 0.845, 'pos': 0.086, 'compound': 0.2018}
{'neg': 0.128, 'neu': 0.763, 'pos': 0.109, 'compound': -0.2197}
{'neg': 0.089, 'neu': 0.818, 'pos': 0.092, 'compound': 0.0516}
{'neg': 0.136, 'neu': 0.685, 'pos': 0.178, 'compound': 0.3942}
{'neg': 0.0, 'neu': 1.0, 'pos': 0.0, 'compound': 0.0}
{'neg': 0.12, 'neu': 0.88, 'pos': 0.0, 'compound': -0.6249}
{'neg': 0.151, 'neu': 0.753, 'pos': 0.096, 'compound': -0.7772}
{'neg': 0.131, 'neu': 0.765, 'pos': 0.104, 'compound': -0.4374}
{'neg': 0.0, 'neu': 0.621, 'pos': 0.379, 'compound': 0.6705}
{'neg': 0.13, 'neu': 0.699, 'pos': 0.17, 'compound': 0.2732}
{'neg': 0.0, 'neu': 1.0, 'pos': 0.0, 'compound': 0.0}
{'neg': 0.0, 'neu': 1.0, 'pos': 0.0, 'compound': 0.0}
{'neg': 0.269, 'neu': 0.731, 'pos': 0.0, 'compound': -0.797}
{'neg': 0.233, 'neu': 0.767, 'pos': 0.0, 'compound': -0.6969}
{'neg': 0.0, 'neu': 0.833, 'pos': 0.167, 'compound': 0.3818}
{'neg': 0.137, 'neu': 0.753, 'pos': 0.11, 'compound': -0.6554}
{'neg': 0.128, 'neu': 0.832, 'pos': 0.04, 'compound': -0.9652}
{'neg': 0.0, 'neu': 0.815, 'pos': 0.185, 'compound': 0.4501}
{'neg': 0.0, 'neu': 1.0, 'pos': 0.0, 'compound': 0.0}
{'neg': 0.251, 'neu': 0.615, 'pos': 0.134, 'compound': -0.9203}
{'neg': 0.109, 'neu': 0.813, 'pos': 0.078, 'compound': -0.6425}
{'neg': 0.0, 'neu': 0.914, 'pos': 0.086, 'compound': 0.1779}
{'neg': 0.232, 'neu': 0.768, 'pos': 0.0, 'compound': -0.5893}
{'neg': 0.0, 'neu': 0.685, 'pos': 0.315, 'compound': 0.3182}
{'neg': 0.178, 'neu': 0.704, 'pos': 0.117, 'compound': -0.3167}
{'neg': 0.105, 'neu': 0.848, 'pos': 0.047, 'compound': -0.5083}
{'neg': 0.15, 'neu': 0.812, 'pos': 0.039, 'compound': -0.8591}
{'neg': 0.137, 'neu': 0.863, 'pos': 0.0, 'compound': -0.2263}
{'neg': 0.045, 'neu': 0.826, 'pos': 0.128, 'compound': 0.6271}
{'neg': 0.107, 'neu': 0.893, 'pos': 0.0, 'compound': -0.2003}
{'neg': 0.083, 'neu': 0.813, 'pos': 0.105, 'compound': 0.3612}
{'neg': 0.0, 'neu': 1.0, 'pos': 0.0, 'compound': 0.0}
{'neg': 0.042, 'neu': 0.928, 'pos': 0.03, 'compound': -0.1943}
{'neg': 0.0, 'neu': 1.0, 'pos': 0.0, 'compound': 0.0}
{'neg': 0.046, 'neu': 0.828, 'pos': 0.127, 'compound': 0.5994}
{'neg': 0.17, 'neu': 0.81, 'pos': 0.02, 'compound': -0.8697}
{'neg': 0.059, 'neu': 0.884, 'pos': 0.057, 'compound': -0.0258}
{'neg': 0.0, 'neu': 0.804, 'pos': 0.196, 'compound': 0.875}
{'neg': 0.158, 'neu': 0.678, 'pos': 0.164, 'compound': 0.0258}
{'neg': 0.0, 'neu': 0.747, 'pos': 0.253, 'compound': 0.8693}
{'neg': 0.138, 'neu': 0.796, 'pos': 0.067, 'compound': -0.359}
{'neg': 0.087, 'neu': 0.855, 'pos': 0.058, 'compound': -0.3597}
{'neg': 0.05, 'neu': 0.95, 'pos': 0.0, 'compound': -0.1779}
{'neg': 0.194, 'neu': 0.67, 'pos': 0.136, 'compound': -0.3182}
{'neg': 0.314, 'neu': 0.686, 'pos': 0.0, 'compound': -0.395}
{'neg': 0.12, 'neu': 0.797, 'pos': 0.083, 'compound': -0.2732}
{'neg': 0.115, 'neu': 0.804, 'pos': 0.081, 'compound': -0.7597}
{'neg': 0.31, 'neu': 0.69, 'pos': 0.0, 'compound': -0.4019}
{'neg': 0.192, 'neu': 0.808, 'pos': 0.0, 'compound': -0.7119}
{'neg': 0.048, 'neu': 0.798, 'pos': 0.154, 'compound': 0.9602}
{'neg': 0.291, 'neu': 0.64, 'pos': 0.069, 'compound': -0.8402}
{'neg': 0.0, 'neu': 1.0, 'pos': 0.0, 'compound': 0.0}
{'neg': 0.122, 'neu': 0.79, 'pos': 0.088, 'compound': -0.2732}
{'neg': 0.173, 'neu': 0.752, 'pos': 0.075, 'compound': -0.5423}
{'neg': 0.178, 'neu': 0.745, 'pos': 0.077, 'compound': -0.5423}
{'neg': 0.107, 'neu': 0.731, 'pos': 0.163, 'compound': 0.1849}
{'neg': 0.053, 'neu': 0.947, 'pos': 0.0, 'compound': -0.0772}
{'neg': 0.139, 'neu': 0.786, 'pos': 0.075, 'compound': -0.6523}
{'neg': 0.309, 'neu': 0.691, 'pos': 0.0, 'compound': -0.8201}
{'neg': 0.101, 'neu': 0.845, 'pos': 0.055, 'compound': -0.2387}
{'neg': 0.0, 'neu': 0.936, 'pos': 0.064, 'compound': 0.1779}
{'neg': 0.0, 'neu': 1.0, 'pos': 0.0, 'compound': 0.0}
{'neg': 0.1, 'neu': 0.9, 'pos': 0.0, 'compound': -0.2755}
{'neg': 0.0, 'neu': 1.0, 'pos': 0.0, 'compound': 0.0}
{'neg': 0.0, 'neu': 1.0, 'pos': 0.0, 'compound': 0.0}
{'neg': 0.149, 'neu': 0.767, 'pos': 0.084, 'compound': -0.7932}
{'neg': 0.067, 'neu': 0.886, 'pos': 0.047, 'compound': -0.0}
{'neg': 0.034, 'neu': 0.888, 'pos': 0.078, 'compound': 0.4767}
{'neg': 0.0, 'neu': 0.849, 'pos': 0.151, 'compound': 0.7753}
{'neg': 0.093, 'neu': 0.769, 'pos': 0.138, 'compound': 0.0258}
{'neg': 0.155, 'neu': 0.845, 'pos': 0.0, 'compound': -0.6632}
{'neg': 0.108, 'neu': 0.73, 'pos': 0.162, 'compound': 0.5719}
{'neg': 0.202, 'neu': 0.781, 'pos': 0.017, 'compound': -0.9792}
{'neg': 0.149, 'neu': 0.817, 'pos': 0.034, 'compound': -0.9356}
{'neg': 0.0, 'neu': 0.674, 'pos': 0.326, 'compound': 0.4404}
{'neg': 0.04, 'neu': 0.731, 'pos': 0.229, 'compound': 0.8765}
{'neg': 0.135, 'neu': 0.865, 'pos': 0.0, 'compound': -0.4215}
{'neg': 0.0, 'neu': 0.72, 'pos': 0.28, 'compound': 0.3252}
{'neg': 0.056, 'neu': 0.863, 'pos': 0.081, 'compound': 0.4682}
{'neg': 0.529, 'neu': 0.471, 'pos': 0.0, 'compound': -0.6705}
{'neg': 0.0, 'neu': 0.833, 'pos': 0.167, 'compound': 0.8402}
{'neg': 0.102, 'neu': 0.815, 'pos': 0.083, 'compound': -0.128}
{'neg': 0.0, 'neu': 1.0, 'pos': 0.0, 'compound': 0.0}
{'neg': 0.0, 'neu': 0.861, 'pos': 0.139, 'compound': 0.4404}
{'neg': 0.117, 'neu': 0.809, 'pos': 0.074, 'compound': -0.5067}
{'neg': 0.218, 'neu': 0.782, 'pos': 0.0, 'compound': -0.9523}
{'neg': 0.064, 'neu': 0.718, 'pos': 0.218, 'compound': 0.9675}
{'neg': 0.079, 'neu': 0.806, 'pos': 0.115, 'compound': 0.1154}
{'neg': 0.133, 'neu': 0.756, 'pos': 0.111, 'compound': -0.4199}
{'neg': 0.0, 'neu': 1.0, 'pos': 0.0, 'compound': 0.0}
{'neg': 0.0, 'neu': 1.0, 'pos': 0.0, 'compound': 0.0}
{'neg': 0.041, 'neu': 0.8, 'pos': 0.159, 'compound': 0.7865}
{'neg': 0.282, 'neu': 0.718, 'pos': 0.0, 'compound': -0.6249}
{'neg': 0.051, 'neu': 0.782, 'pos': 0.167, 'compound': 0.7804}
{'neg': 0.11, 'neu': 0.89, 'pos': 0.0, 'compound': -0.7778}
{'neg': 0.167, 'neu': 0.833, 'pos': 0.0, 'compound': -0.8126}
{'neg': 0.138, 'neu': 0.862, 'pos': 0.0, 'compound': -0.6808}
{'neg': 0.061, 'neu': 0.883, 'pos': 0.056, 'compound': -0.0501}
{'neg': 0.137, 'neu': 0.732, 'pos': 0.132, 'compound': -0.296}
{'neg': 0.085, 'neu': 0.773, 'pos': 0.142, 'compound': 0.3013}
{'neg': 0.142, 'neu': 0.703, 'pos': 0.155, 'compound': 0.2182}
{'neg': 0.093, 'neu': 0.736, 'pos': 0.171, 'compound': 0.3173}
{'neg': 0.0, 'neu': 1.0, 'pos': 0.0, 'compound': 0.0}
{'neg': 0.036, 'neu': 0.868, 'pos': 0.096, 'compound': 0.7783}
{'neg': 0.142, 'neu': 0.698, 'pos': 0.16, 'compound': 0.4374}
{'neg': 0.303, 'neu': 0.697, 'pos': 0.0, 'compound': -0.5386}
{'neg': 0.0, 'neu': 0.677, 'pos': 0.323, 'compound': 0.5093}
{'neg': 0.0, 'neu': 0.827, 'pos': 0.173, 'compound': 0.6423}
{'neg': 0.181, 'neu': 0.747, 'pos': 0.072, 'compound': -0.5859}
{'neg': 0.239, 'neu': 0.733, 'pos': 0.028, 'compound': -0.9298}
{'neg': 0.0, 'neu': 1.0, 'pos': 0.0, 'compound': 0.0}
{'neg': 0.137, 'neu': 0.823, 'pos': 0.04, 'compound': -0.7506}
{'neg': 0.354, 'neu': 0.613, 'pos': 0.033, 'compound': -0.9657}
{'neg': 0.073, 'neu': 0.877, 'pos': 0.049, 'compound': -0.6114}
{'neg': 0.278, 'neu': 0.722, 'pos': 0.0, 'compound': -0.796}
{'neg': 0.033, 'neu': 0.831, 'pos': 0.136, 'compound': 0.7139}
{'neg': 0.073, 'neu': 0.807, 'pos': 0.119, 'compound': 0.7977}
{'neg': 0.0, 'neu': 0.883, 'pos': 0.117, 'compound': 0.7351}
{'neg': 0.0, 'neu': 0.784, 'pos': 0.216, 'compound': 0.8728}
{'neg': 0.258, 'neu': 0.742, 'pos': 0.0, 'compound': -0.7644}
{'neg': 0.0, 'neu': 0.809, 'pos': 0.191, 'compound': 0.6369}
{'neg': 0.146, 'neu': 0.818, 'pos': 0.036, 'compound': -0.9372}
{'neg': 0.0, 'neu': 1.0, 'pos': 0.0, 'compound': 0.0}
{'neg': 0.304, 'neu': 0.696, 'pos': 0.0, 'compound': -0.5423}
{'neg': 0.116, 'neu': 0.884, 'pos': 0.0, 'compound': -0.5267}
{'neg': 0.0, 'neu': 0.908, 'pos': 0.092, 'compound': 0.3252}
{'neg': 0.183, 'neu': 0.757, 'pos': 0.06, 'compound': -0.8585}
{'neg': 0.0, 'neu': 0.824, 'pos': 0.176, 'compound': 0.5411}
{'neg': 0.111, 'neu': 0.799, 'pos': 0.091, 'compound': -0.5768}
{'neg': 0.377, 'neu': 0.623, 'pos': 0.0, 'compound': -0.8647}
{'neg': 0.195, 'neu': 0.698, 'pos': 0.106, 'compound': -0.6671}
{'neg': 0.093, 'neu': 0.815, 'pos': 0.092, 'compound': -0.0258}
{'neg': 0.073, 'neu': 0.731, 'pos': 0.196, 'compound': 0.5709}
{'neg': 0.278, 'neu': 0.615, 'pos': 0.107, 'compound': -0.765}
{'neg': 0.193, 'neu': 0.807, 'pos': 0.0, 'compound': -0.7289}
{'neg': 0.0, 'neu': 0.928, 'pos': 0.072, 'compound': 0.34}
{'neg': 0.126, 'neu': 0.744, 'pos': 0.13, 'compound': 0.0258}
{'neg': 0.128, 'neu': 0.762, 'pos': 0.11, 'compound': -0.1007}
{'neg': 0.105, 'neu': 0.695, 'pos': 0.2, 'compound': 0.7644}
{'neg': 0.22, 'neu': 0.78, 'pos': 0.0, 'compound': -0.5859}
{'neg': 0.122, 'neu': 0.836, 'pos': 0.042, 'compound': -0.5213}
{'neg': 0.0, 'neu': 0.723, 'pos': 0.277, 'compound': 0.7579}
{'neg': 0.113, 'neu': 0.722, 'pos': 0.165, 'compound': 0.25}
{'neg': 0.052, 'neu': 0.835, 'pos': 0.114, 'compound': 0.7404}
{'neg': 0.135, 'neu': 0.865, 'pos': 0.0, 'compound': -0.4215}
{'neg': 0.107, 'neu': 0.736, 'pos': 0.157, 'compound': 0.3603}
{'neg': 0.0, 'neu': 1.0, 'pos': 0.0, 'compound': 0.0}
{'neg': 0.0, 'neu': 1.0, 'pos': 0.0, 'compound': 0.0}
{'neg': 0.0, 'neu': 1.0, 'pos': 0.0, 'compound': 0.0}
{'neg': 0.0, 'neu': 0.876, 'pos': 0.124, 'compound': 0.1779}
{'neg': 0.052, 'neu': 0.859, 'pos': 0.089, 'compound': 0.7211}
{'neg': 0.0, 'neu': 0.827, 'pos': 0.173, 'compound': 0.7579}
{'neg': 0.0, 'neu': 1.0, 'pos': 0.0, 'compound': 0.0}
{'neg': 0.1, 'neu': 0.714, 'pos': 0.186, 'compound': 0.8422}
{'neg': 0.08, 'neu': 0.871, 'pos': 0.049, 'compound': -0.5499}
{'neg': 0.0, 'neu': 1.0, 'pos': 0.0, 'compound': 0.0}
{'neg': 0.0, 'neu': 1.0, 'pos': 0.0, 'compound': 0.0}
{'neg': 0.048, 'neu': 0.894, 'pos': 0.058, 'compound': 0.1779}
{'neg': 0.095, 'neu': 0.705, 'pos': 0.2, 'compound': 0.8331}
{'neg': 0.0, 'neu': 0.839, 'pos': 0.161, 'compound': 0.3182}
{'neg': 0.116, 'neu': 0.86, 'pos': 0.025, 'compound': -0.7425}
{'neg': 0.076, 'neu': 0.85, 'pos': 0.073, 'compound': -0.0258}
{'neg': 0.06, 'neu': 0.662, 'pos': 0.278, 'compound': 0.9546}
{'neg': 0.0, 'neu': 0.709, 'pos': 0.291, 'compound': 0.8225}
{'neg': 0.057, 'neu': 0.943, 'pos': 0.0, 'compound': -0.5267}
{'neg': 0.04, 'neu': 0.822, 'pos': 0.138, 'compound': 0.5719}
{'neg': 0.126, 'neu': 0.792, 'pos': 0.082, 'compound': -0.3869}
{'neg': 0.0, 'neu': 0.828, 'pos': 0.172, 'compound': 0.6808}
{'neg': 0.044, 'neu': 0.888, 'pos': 0.068, 'compound': 0.4318}
{'neg': 0.0, 'neu': 1.0, 'pos': 0.0, 'compound': 0.0}
{'neg': 0.283, 'neu': 0.635, 'pos': 0.081, 'compound': -0.9246}
{'neg': 0.145, 'neu': 0.795, 'pos': 0.06, 'compound': -0.4365}
{'neg': 0.122, 'neu': 0.822, 'pos': 0.056, 'compound': -0.4588}
{'neg': 0.0, 'neu': 0.92, 'pos': 0.08, 'compound': 0.4019}
{'neg': 0.0, 'neu': 1.0, 'pos': 0.0, 'compound': 0.0}
{'neg': 0.0, 'neu': 1.0, 'pos': 0.0, 'compound': 0.0}
{'neg': 0.108, 'neu': 0.791, 'pos': 0.102, 'compound': 0.1596}
{'neg': 0.0, 'neu': 0.978, 'pos': 0.022, 'compound': 0.0516}
{'neg': 0.207, 'neu': 0.623, 'pos': 0.17, 'compound': -0.4333}
{'neg': 0.071, 'neu': 0.76, 'pos': 0.169, 'compound': 0.9735}
{'neg': 0.224, 'neu': 0.7, 'pos': 0.076, 'compound': -0.7269}
{'neg': 0.101, 'neu': 0.852, 'pos': 0.048, 'compound': -0.7351}
{'neg': 0.106, 'neu': 0.85, 'pos': 0.044, 'compound': -0.8437}
{'neg': 0.075, 'neu': 0.847, 'pos': 0.078, 'compound': 0.0516}
{'neg': 0.0, 'neu': 1.0, 'pos': 0.0, 'compound': 0.0}
{'neg': 0.162, 'neu': 0.78, 'pos': 0.058, 'compound': -0.6151}
{'neg': 0.263, 'neu': 0.737, 'pos': 0.0, 'compound': -0.9083}
{'neg': 0.0, 'neu': 0.935, 'pos': 0.065, 'compound': 0.3699}
{'neg': 0.143, 'neu': 0.776, 'pos': 0.081, 'compound': -0.3657}
{'neg': 0.222, 'neu': 0.778, 'pos': 0.0, 'compound': -0.25}
{'neg': 0.048, 'neu': 0.812, 'pos': 0.14, 'compound': 0.9917}
{'neg': 0.068, 'neu': 0.866, 'pos': 0.066, 'compound': -0.34}
{'neg': 0.0, 'neu': 0.909, 'pos': 0.091, 'compound': 0.3612}
{'neg': 0.191, 'neu': 0.724, 'pos': 0.085, 'compound': -0.6155}
{'neg': 0.105, 'neu': 0.895, 'pos': 0.0, 'compound': -0.6344}
{'neg': 0.053, 'neu': 0.745, 'pos': 0.202, 'compound': 0.7177}
{'neg': 0.114, 'neu': 0.772, 'pos': 0.114, 'compound': 0.0}
{'neg': 0.0, 'neu': 1.0, 'pos': 0.0, 'compound': 0.0}
{'neg': 0.0, 'neu': 0.793, 'pos': 0.207, 'compound': 0.8479}
{'neg': 0.133, 'neu': 0.772, 'pos': 0.095, 'compound': -0.4094}
{'neg': 0.123, 'neu': 0.773, 'pos': 0.104, 'compound': -0.4822}
{'neg': 0.089, 'neu': 0.911, 'pos': 0.0, 'compound': -0.3818}
{'neg': 0.142, 'neu': 0.858, 'pos': 0.0, 'compound': -0.7013}
{'neg': 0.062, 'neu': 0.876, 'pos': 0.062, 'compound': 0.0}
{'neg': 0.089, 'neu': 0.739, 'pos': 0.172, 'compound': 0.5434}
{'neg': 0.129, 'neu': 0.832, 'pos': 0.039, 'compound': -0.6249}
{'neg': 0.0, 'neu': 0.795, 'pos': 0.205, 'compound': 0.8176}
{'neg': 0.044, 'neu': 0.77, 'pos': 0.187, 'compound': 0.7441}
{'neg': 0.32, 'neu': 0.68, 'pos': 0.0, 'compound': -0.9332}
{'neg': 0.138, 'neu': 0.862, 'pos': 0.0, 'compound': -0.6808}
{'neg': 0.023, 'neu': 0.738, 'pos': 0.239, 'compound': 0.9682}
{'neg': 0.146, 'neu': 0.854, 'pos': 0.0, 'compound': -0.9356}
{'neg': 0.132, 'neu': 0.868, 'pos': 0.0, 'compound': -0.891}
{'neg': 0.0, 'neu': 1.0, 'pos': 0.0, 'compound': 0.0}
{'neg': 0.143, 'neu': 0.857, 'pos': 0.0, 'compound': -0.6324}
{'neg': 0.099, 'neu': 0.863, 'pos': 0.038, 'compound': -0.6326}
{'neg': 0.052, 'neu': 0.819, 'pos': 0.129, 'compound': 0.6588}
{'neg': 0.081, 'neu': 0.864, 'pos': 0.055, 'compound': -0.4199}
{'neg': 0.043, 'neu': 0.729, 'pos': 0.228, 'compound': 0.8244}
{'neg': 0.076, 'neu': 0.82, 'pos': 0.104, 'compound': 0.5743}
{'neg': 0.126, 'neu': 0.828, 'pos': 0.046, 'compound': -0.8016}
{'neg': 0.202, 'neu': 0.623, 'pos': 0.175, 'compound': -0.5504}
{'neg': 0.131, 'neu': 0.812, 'pos': 0.057, 'compound': -0.4035}
{'neg': 0.12, 'neu': 0.794, 'pos': 0.086, 'compound': -0.3595}
{'neg': 0.053, 'neu': 0.782, 'pos': 0.166, 'compound': 0.7678}
{'neg': 0.111, 'neu': 0.758, 'pos': 0.132, 'compound': 0.34}
{'neg': 0.08, 'neu': 0.92, 'pos': 0.0, 'compound': -0.5733}
{'neg': 0.08, 'neu': 0.867, 'pos': 0.053, 'compound': -0.2263}
{'neg': 0.0, 'neu': 0.597, 'pos': 0.403, 'compound': 0.9554}
{'neg': 0.157, 'neu': 0.717, 'pos': 0.126, 'compound': -0.7101}
{'neg': 0.214, 'neu': 0.786, 'pos': 0.0, 'compound': -0.7096}
{'neg': 0.041, 'neu': 0.907, 'pos': 0.052, 'compound': 0.3415}
{'neg': 0.459, 'neu': 0.541, 'pos': 0.0, 'compound': -0.5267}
{'neg': 0.216, 'neu': 0.675, 'pos': 0.11, 'compound': -0.6906}
{'neg': 0.071, 'neu': 0.712, 'pos': 0.217, 'compound': 0.5499}
{'neg': 0.145, 'neu': 0.752, 'pos': 0.104, 'compound': -0.6876}
{'neg': 0.044, 'neu': 0.76, 'pos': 0.195, 'compound': 0.7311}
{'neg': 0.186, 'neu': 0.67, 'pos': 0.144, 'compound': -0.2023}
{'neg': 0.375, 'neu': 0.625, 'pos': 0.0, 'compound': -0.7645}
{'neg': 0.0, 'neu': 1.0, 'pos': 0.0, 'compound': 0.0}
{'neg': 0.062, 'neu': 0.901, 'pos': 0.037, 'compound': -0.4035}
{'neg': 0.07, 'neu': 0.791, 'pos': 0.139, 'compound': 0.7906}
{'neg': 0.558, 'neu': 0.442, 'pos': 0.0, 'compound': -0.5848}
{'neg': 0.0, 'neu': 1.0, 'pos': 0.0, 'compound': 0.0}
{'neg': 0.119, 'neu': 0.854, 'pos': 0.026, 'compound': -0.6597}
{'neg': 0.278, 'neu': 0.722, 'pos': 0.0, 'compound': -0.8343}
{'neg': 0.15, 'neu': 0.755, 'pos': 0.095, 'compound': -0.6808}
{'neg': 0.102, 'neu': 0.843, 'pos': 0.055, 'compound': -0.6494}
{'neg': 0.079, 'neu': 0.885, 'pos': 0.037, 'compound': -0.9193}
{'neg': 0.234, 'neu': 0.646, 'pos': 0.12, 'compound': -0.6059}
{'neg': 0.076, 'neu': 0.808, 'pos': 0.116, 'compound': 0.4019}
{'neg': 0.152, 'neu': 0.684, 'pos': 0.165, 'compound': 0.1282}
{'neg': 0.367, 'neu': 0.414, 'pos': 0.219, 'compound': -0.3597}
