{'neg': 0.044, 'neu': 0.815, 'pos': 0.141, 'compound': 0.9778}
{'neg': 0.031, 'neu': 0.889, 'pos': 0.081, 'compound': 0.6365}
{'neg': 0.106, 'neu': 0.748, 'pos': 0.145, 'compound': 0.813}
{'neg': 0.286, 'neu': 0.714, 'pos': 0.0, 'compound': -0.4939}
{'neg': 0.127, 'neu': 0.765, 'pos': 0.108, 'compound': -0.9579}
{'neg': 0.065, 'neu': 0.857, 'pos': 0.078, 'compound': 0.8751}
{'neg': 0.0, 'neu': 1.0, 'pos': 0.0, 'compound': 0.0}
{'neg': 0.059, 'neu': 0.842, 'pos': 0.098, 'compound': 0.5994}
{'neg': 0.065, 'neu': 0.875, 'pos': 0.06, 'compound': -0.128}
{'neg': 0.0, 'neu': 0.867, 'pos': 0.133, 'compound': 0.8885}
{'neg': 0.0, 'neu': 0.77, 'pos': 0.23, 'compound': 0.9141}
{'neg': 0.011, 'neu': 0.814, 'pos': 0.176, 'compound': 0.9865}
{'neg': 0.0, 'neu': 0.68, 'pos': 0.32, 'compound': 0.8555}
{'neg': 0.0, 'neu': 0.72, 'pos': 0.28, 'compound': 0.8122}
{'neg': 0.0, 'neu': 0.778, 'pos': 0.222, 'compound': 0.25}
{'neg': 0.066, 'neu': 0.778, 'pos': 0.156, 'compound': 0.9982}
{'neg': 0.052, 'neu': 0.718, 'pos': 0.23, 'compound': 0.9735}
{'neg': 0.037, 'neu': 0.798, 'pos': 0.164, 'compound': 0.9773}
{'neg': 0.0, 'neu': 0.812, 'pos': 0.188, 'compound': 0.9363}
{'neg': 0.0, 'neu': 0.878, 'pos': 0.122, 'compound': 0.6486}
{'neg': 0.036, 'neu': 0.895, 'pos': 0.069, 'compound': 0.385}
{'neg': 0.0, 'neu': 0.749, 'pos': 0.251, 'compound': 0.9606}
{'neg': 0.048, 'neu': 0.761, 'pos': 0.191, 'compound': 0.9589}
{'neg': 0.024, 'neu': 0.873, 'pos': 0.103, 'compound': 0.749}
{'neg': 0.095, 'neu': 0.831, 'pos': 0.074, 'compound': -0.9901}
{'neg': 0.036, 'neu': 0.729, 'pos': 0.235, 'compound': 0.9269}
{'neg': 0.078, 'neu': 0.773, 'pos': 0.15, 'compound': 0.953}
{'neg': 0.036, 'neu': 0.689, 'pos': 0.275, 'compound': 0.9748}
{'neg': 0.0, 'neu': 0.74, 'pos': 0.26, 'compound': 0.945}
{'neg': 0.0, 'neu': 0.782, 'pos': 0.218, 'compound': 0.9509}
{'neg': 0.022, 'neu': 0.848, 'pos': 0.131, 'compound': 0.9906}
{'neg': 0.12, 'neu': 0.782, 'pos': 0.098, 'compound': -0.4664}
{'neg': 0.0, 'neu': 0.87, 'pos': 0.13, 'compound': 0.8176}
{'neg': 0.0, 'neu': 0.724, 'pos': 0.276, 'compound': 0.9716}
{'neg': 0.047, 'neu': 0.845, 'pos': 0.108, 'compound': 0.4215}
{'neg': 0.075, 'neu': 0.788, 'pos': 0.137, 'compound': 0.9263}
{'neg': 0.0, 'neu': 0.804, 'pos': 0.196, 'compound': 0.9246}
{'neg': 0.049, 'neu': 0.827, 'pos': 0.123, 'compound': 0.6369}
{'neg': 0.0, 'neu': 0.588, 'pos': 0.412, 'compound': 0.6369}
{'neg': 0.0, 'neu': 0.588, 'pos': 0.412, 'compound': 0.9336}
{'neg': 0.044, 'neu': 0.842, 'pos': 0.114, 'compound': 0.8333}
{'neg': 0.08, 'neu': 0.691, 'pos': 0.228, 'compound': 0.8885}
{'neg': 0.1, 'neu': 0.816, 'pos': 0.084, 'compound': -0.0772}
{'neg': 0.082, 'neu': 0.77, 'pos': 0.148, 'compound': 0.9813}
{'neg': 0.0, 'neu': 0.849, 'pos': 0.151, 'compound': 0.9583}
{'neg': 0.0, 'neu': 1.0, 'pos': 0.0, 'compound': 0.0}
{'neg': 0.019, 'neu': 0.795, 'pos': 0.186, 'compound': 0.9927}
{'neg': 0.059, 'neu': 0.828, 'pos': 0.113, 'compound': 0.3421}
{'neg': 0.0, 'neu': 1.0, 'pos': 0.0, 'compound': 0.0}
{'neg': 0.0, 'neu': 0.892, 'pos': 0.108, 'compound': 0.4588}
{'neg': 0.073, 'neu': 0.794, 'pos': 0.133, 'compound': 0.9981}
{'neg': 0.037, 'neu': 0.828, 'pos': 0.135, 'compound': 0.9961}
{'neg': 0.0, 'neu': 0.95, 'pos': 0.05, 'compound': 0.2411}
{'neg': 0.039, 'neu': 0.844, 'pos': 0.117, 'compound': 0.9967}
{'neg': 0.018, 'neu': 0.784, 'pos': 0.198, 'compound': 0.9716}
{'neg': 0.121, 'neu': 0.761, 'pos': 0.118, 'compound': -0.8262}
{'neg': 0.069, 'neu': 0.788, 'pos': 0.142, 'compound': 0.9097}
{'neg': 0.026, 'neu': 0.818, 'pos': 0.156, 'compound': 0.9359}
{'neg': 0.041, 'neu': 0.833, 'pos': 0.126, 'compound': 0.8934}
{'neg': 0.09, 'neu': 0.842, 'pos': 0.067, 'compound': -0.4951}
{'neg': 0.0, 'neu': 1.0, 'pos': 0.0, 'compound': 0.0}
{'neg': 0.047, 'neu': 0.804, 'pos': 0.149, 'compound': 0.9831}
{'neg': 0.0, 'neu': 0.743, 'pos': 0.257, 'compound': 0.8957}
{'neg': 0.015, 'neu': 0.767, 'pos': 0.218, 'compound': 0.9957}
{'neg': 0.0, 'neu': 0.958, 'pos': 0.042, 'compound': 0.4118}
{'neg': 0.066, 'neu': 0.8, 'pos': 0.134, 'compound': 0.9719}
{'neg': 0.0, 'neu': 0.826, 'pos': 0.174, 'compound': 0.9738}
{'neg': 0.0, 'neu': 0.87, 'pos': 0.13, 'compound': 0.8689}
{'neg': 0.122, 'neu': 0.76, 'pos': 0.118, 'compound': -0.8262}
{'neg': 0.074, 'neu': 0.828, 'pos': 0.097, 'compound': 0.9111}
{'neg': 0.013, 'neu': 0.818, 'pos': 0.168, 'compound': 0.9557}
{'neg': 0.142, 'neu': 0.718, 'pos': 0.14, 'compound': -0.0516}
{'neg': 0.031, 'neu': 0.732, 'pos': 0.237, 'compound': 0.9575}
{'neg': 0.0, 'neu': 0.868, 'pos': 0.132, 'compound': 0.8268}
{'neg': 0.122, 'neu': 0.72, 'pos': 0.158, 'compound': 0.8316}
{'neg': 0.115, 'neu': 0.773, 'pos': 0.112, 'compound': 0.1001}
{'neg': 0.0, 'neu': 0.75, 'pos': 0.25, 'compound': 0.9001}
{'neg': 0.082, 'neu': 0.674, 'pos': 0.243, 'compound': 0.8622}
{'neg': 0.02, 'neu': 0.88, 'pos': 0.1, 'compound': 0.9528}
{'neg': 0.0, 'neu': 0.703, 'pos': 0.297, 'compound': 0.4215}
{'neg': 0.103, 'neu': 0.774, 'pos': 0.122, 'compound': 0.9059}
{'neg': 0.062, 'neu': 0.816, 'pos': 0.122, 'compound': 0.9864}
{'neg': 0.0, 'neu': 0.767, 'pos': 0.233, 'compound': 0.9968}
{'neg': 0.0, 'neu': 0.961, 'pos': 0.039, 'compound': 0.1779}
{'neg': 0.0, 'neu': 0.472, 'pos': 0.528, 'compound': 0.9646}
{'neg': 0.092, 'neu': 0.776, 'pos': 0.133, 'compound': 0.7956}
{'neg': 0.0, 'neu': 0.827, 'pos': 0.173, 'compound': 0.7075}
{'neg': 0.086, 'neu': 0.817, 'pos': 0.097, 'compound': 0.8492}
{'neg': 0.0, 'neu': 1.0, 'pos': 0.0, 'compound': 0.0}
{'neg': 0.087, 'neu': 0.727, 'pos': 0.186, 'compound': 0.8813}
{'neg': 0.075, 'neu': 0.693, 'pos': 0.232, 'compound': 0.822}
{'neg': 0.017, 'neu': 0.824, 'pos': 0.159, 'compound': 0.9668}
{'neg': 0.087, 'neu': 0.777, 'pos': 0.136, 'compound': 0.9974}
{'neg': 0.036, 'neu': 0.799, 'pos': 0.166, 'compound': 0.9922}
{'neg': 0.166, 'neu': 0.738, 'pos': 0.097, 'compound': -0.965}
{'neg': 0.02, 'neu': 0.905, 'pos': 0.075, 'compound': 0.4215}
{'neg': 0.122, 'neu': 0.76, 'pos': 0.118, 'compound': -0.8262}
{'neg': 0.0, 'neu': 0.883, 'pos': 0.117, 'compound': 0.5838}
{'neg': 0.06, 'neu': 0.784, 'pos': 0.156, 'compound': 0.9663}
{'neg': 0.0, 'neu': 0.799, 'pos': 0.201, 'compound': 0.9738}
{'neg': 0.111, 'neu': 0.765, 'pos': 0.124, 'compound': -0.0516}
{'neg': 0.056, 'neu': 0.803, 'pos': 0.142, 'compound': 0.4927}
{'neg': 0.0, 'neu': 0.782, 'pos': 0.218, 'compound': 0.9347}
{'neg': 0.13, 'neu': 0.77, 'pos': 0.101, 'compound': -0.4215}
{'neg': 0.0, 'neu': 1.0, 'pos': 0.0, 'compound': 0.0}
{'neg': 0.197, 'neu': 0.479, 'pos': 0.324, 'compound': 0.34}
{'neg': 0.084, 'neu': 0.766, 'pos': 0.15, 'compound': 0.982}
{'neg': 0.068, 'neu': 0.759, 'pos': 0.173, 'compound': 0.5954}
{'neg': 0.056, 'neu': 0.849, 'pos': 0.095, 'compound': 0.7003}
{'neg': 0.12, 'neu': 0.684, 'pos': 0.196, 'compound': 0.8126}
{'neg': 0.101, 'neu': 0.778, 'pos': 0.121, 'compound': 0.7496}
{'neg': 0.094, 'neu': 0.75, 'pos': 0.155, 'compound': 0.8746}
{'neg': 0.014, 'neu': 0.744, 'pos': 0.242, 'compound': 0.9741}
{'neg': 0.058, 'neu': 0.835, 'pos': 0.108, 'compound': 0.4019}
{'neg': 0.055, 'neu': 0.783, 'pos': 0.162, 'compound': 0.6237}
{'neg': 0.068, 'neu': 0.793, 'pos': 0.139, 'compound': 0.9855}
{'neg': 0.053, 'neu': 0.81, 'pos': 0.136, 'compound': 0.5994}
{'neg': 0.0, 'neu': 0.742, 'pos': 0.258, 'compound': 0.8883}
{'neg': 0.0, 'neu': 0.697, 'pos': 0.303, 'compound': 0.9064}
{'neg': 0.0, 'neu': 0.802, 'pos': 0.198, 'compound': 0.8126}
{'neg': 0.123, 'neu': 0.777, 'pos': 0.1, 'compound': -0.5325}
{'neg': 0.108, 'neu': 0.779, 'pos': 0.114, 'compound': -0.3236}
{'neg': 0.0, 'neu': 0.942, 'pos': 0.058, 'compound': 0.4019}
{'neg': 0.027, 'neu': 0.647, 'pos': 0.326, 'compound': 0.9884}
{'neg': 0.089, 'neu': 0.785, 'pos': 0.126, 'compound': 0.9906}
{'neg': 0.0, 'neu': 1.0, 'pos': 0.0, 'compound': 0.0}
{'neg': 0.0, 'neu': 0.868, 'pos': 0.132, 'compound': 0.4939}
{'neg': 0.049, 'neu': 0.752, 'pos': 0.198, 'compound': 0.8718}
{'neg': 0.123, 'neu': 0.877, 'pos': 0.0, 'compound': -0.2732}
{'neg': 0.218, 'neu': 0.782, 'pos': 0.0, 'compound': -0.9022}
{'neg': 0.11, 'neu': 0.839, 'pos': 0.05, 'compound': -0.8516}
{'neg': 0.071, 'neu': 0.827, 'pos': 0.102, 'compound': 0.6561}
{'neg': 0.088, 'neu': 0.89, 'pos': 0.021, 'compound': -0.7562}
{'neg': 0.085, 'neu': 0.728, 'pos': 0.187, 'compound': 0.9924}
{'neg': 0.091, 'neu': 0.842, 'pos': 0.067, 'compound': -0.7841}
{'neg': 0.038, 'neu': 0.874, 'pos': 0.088, 'compound': 0.8863}
{'neg': 0.0, 'neu': 0.84, 'pos': 0.16, 'compound': 0.9626}
{'neg': 0.0, 'neu': 0.792, 'pos': 0.208, 'compound': 0.9381}
{'neg': 0.039, 'neu': 0.724, 'pos': 0.236, 'compound': 0.9477}
{'neg': 0.072, 'neu': 0.879, 'pos': 0.049, 'compound': -0.552}
{'neg': 0.151, 'neu': 0.849, 'pos': 0.0, 'compound': -0.813}
{'neg': 0.071, 'neu': 0.857, 'pos': 0.071, 'compound': 0.0}
{'neg': 0.073, 'neu': 0.809, 'pos': 0.119, 'compound': 0.1779}
{'neg': 0.0, 'neu': 0.828, 'pos': 0.172, 'compound': 0.867}
{'neg': 0.013, 'neu': 0.708, 'pos': 0.279, 'compound': 0.979}
{'neg': 0.0, 'neu': 0.725, 'pos': 0.275, 'compound': 0.9371}
{'neg': 0.0, 'neu': 0.833, 'pos': 0.167, 'compound': 0.8555}
{'neg': 0.14, 'neu': 0.593, 'pos': 0.266, 'compound': 0.8932}
{'neg': 0.038, 'neu': 0.75, 'pos': 0.212, 'compound': 0.9231}
{'neg': 0.0, 'neu': 0.711, 'pos': 0.289, 'compound': 0.873}
{'neg': 0.0, 'neu': 0.818, 'pos': 0.182, 'compound': 0.9264}
{'neg': 0.171, 'neu': 0.712, 'pos': 0.117, 'compound': -0.2285}
{'neg': 0.076, 'neu': 0.924, 'pos': 0.0, 'compound': -0.1027}
{'neg': 0.025, 'neu': 0.897, 'pos': 0.078, 'compound': 0.7984}
{'neg': 0.049, 'neu': 0.757, 'pos': 0.194, 'compound': 0.9921}
{'neg': 0.047, 'neu': 0.732, 'pos': 0.221, 'compound': 0.9017}
{'neg': 0.027, 'neu': 0.846, 'pos': 0.127, 'compound': 0.7506}
{'neg': 0.054, 'neu': 0.893, 'pos': 0.054, 'compound': 0.0}
{'neg': 0.0, 'neu': 0.482, 'pos': 0.518, 'compound': 0.916}
{'neg': 0.0, 'neu': 0.732, 'pos': 0.268, 'compound': 0.6588}
{'neg': 0.088, 'neu': 0.762, 'pos': 0.15, 'compound': 0.9811}
{'neg': 0.187, 'neu': 0.729, 'pos': 0.084, 'compound': -0.9139}
{'neg': 0.093, 'neu': 0.823, 'pos': 0.084, 'compound': 0.2194}
{'neg': 0.0, 'neu': 0.795, 'pos': 0.205, 'compound': 0.9801}
{'neg': 0.056, 'neu': 0.842, 'pos': 0.103, 'compound': 0.6833}
{'neg': 0.136, 'neu': 0.657, 'pos': 0.207, 'compound': 0.34}
{'neg': 0.0, 'neu': 0.762, 'pos': 0.238, 'compound': 0.8802}
{'neg': 0.093, 'neu': 0.842, 'pos': 0.064, 'compound': -0.2942}
{'neg': 0.0, 'neu': 0.847, 'pos': 0.153, 'compound': 0.4389}
{'neg': 0.099, 'neu': 0.729, 'pos': 0.172, 'compound': 0.5899}
{'neg': 0.116, 'neu': 0.818, 'pos': 0.066, 'compound': -0.2263}
{'neg': 0.057, 'neu': 0.798, 'pos': 0.145, 'compound': 0.5683}
{'neg': 0.117, 'neu': 0.788, 'pos': 0.095, 'compound': -0.3382}
{'neg': 0.067, 'neu': 0.806, 'pos': 0.127, 'compound': 0.7876}
{'neg': 0.047, 'neu': 0.832, 'pos': 0.121, 'compound': 0.9474}
{'neg': 0.0, 'neu': 0.756, 'pos': 0.244, 'compound': 0.4404}
{'neg': 0.043, 'neu': 0.9, 'pos': 0.057, 'compound': 0.4703}
{'neg': 0.105, 'neu': 0.666, 'pos': 0.228, 'compound': 0.845}
{'neg': 0.017, 'neu': 0.863, 'pos': 0.12, 'compound': 0.9067}
{'neg': 0.054, 'neu': 0.914, 'pos': 0.032, 'compound': -0.296}
{'neg': 0.016, 'neu': 0.857, 'pos': 0.127, 'compound': 0.8973}
{'neg': 0.048, 'neu': 0.811, 'pos': 0.141, 'compound': 0.6808}
{'neg': 0.0, 'neu': 0.782, 'pos': 0.218, 'compound': 0.9783}
{'neg': 0.03, 'neu': 0.698, 'pos': 0.272, 'compound': 0.98}
{'neg': 0.078, 'neu': 0.806, 'pos': 0.116, 'compound': 0.4825}
{'neg': 0.151, 'neu': 0.749, 'pos': 0.1, 'compound': -0.6159}
{'neg': 0.053, 'neu': 0.762, 'pos': 0.185, 'compound': 0.9022}
{'neg': 0.0, 'neu': 0.747, 'pos': 0.253, 'compound': 0.8882}
{'neg': 0.166, 'neu': 0.651, 'pos': 0.183, 'compound': 0.3682}
{'neg': 0.052, 'neu': 0.868, 'pos': 0.08, 'compound': 0.1779}
{'neg': 0.016, 'neu': 0.868, 'pos': 0.116, 'compound': 0.8481}
{'neg': 0.066, 'neu': 0.662, 'pos': 0.272, 'compound': 0.8439}
{'neg': 0.153, 'neu': 0.748, 'pos': 0.099, 'compound': -0.6808}
{'neg': 0.148, 'neu': 0.76, 'pos': 0.093, 'compound': -0.9613}
{'neg': 0.0, 'neu': 0.798, 'pos': 0.202, 'compound': 0.7964}
{'neg': 0.0, 'neu': 0.783, 'pos': 0.217, 'compound': 0.9422}
{'neg': 0.0, 'neu': 0.896, 'pos': 0.104, 'compound': 0.8122}
{'neg': 0.0, 'neu': 0.66, 'pos': 0.34, 'compound': 0.8834}
{'neg': 0.0, 'neu': 0.928, 'pos': 0.072, 'compound': 0.2732}
{'neg': 0.0, 'neu': 0.87, 'pos': 0.13, 'compound': 0.5423}
{'neg': 0.0, 'neu': 1.0, 'pos': 0.0, 'compound': 0.0}
{'neg': 0.0, 'neu': 0.774, 'pos': 0.226, 'compound': 0.9001}
{'neg': 0.0, 'neu': 0.784, 'pos': 0.216, 'compound': 0.6997}
{'neg': 0.0, 'neu': 0.873, 'pos': 0.127, 'compound': 0.4939}
{'neg': 0.0, 'neu': 0.803, 'pos': 0.197, 'compound': 0.5994}
{'neg': 0.077, 'neu': 0.805, 'pos': 0.118, 'compound': 0.3182}
{'neg': 0.0, 'neu': 1.0, 'pos': 0.0, 'compound': 0.0}
{'neg': 0.0, 'neu': 1.0, 'pos': 0.0, 'compound': 0.0}
{'neg': 0.0, 'neu': 1.0, 'pos': 0.0, 'compound': 0.0}
{'neg': 0.045, 'neu': 0.887, 'pos': 0.068, 'compound': 0.7072}
{'neg': 0.046, 'neu': 0.835, 'pos': 0.119, 'compound': 0.8554}
{'neg': 0.0, 'neu': 0.931, 'pos': 0.069, 'compound': 0.4939}
{'neg': 0.0, 'neu': 0.852, 'pos': 0.148, 'compound': 0.8663}
{'neg': 0.027, 'neu': 0.465, 'pos': 0.508, 'compound': 0.9795}
{'neg': 0.021, 'neu': 0.799, 'pos': 0.181, 'compound': 0.9611}
{'neg': 0.0, 'neu': 0.785, 'pos': 0.215, 'compound': 0.6249}
{'neg': 0.113, 'neu': 0.706, 'pos': 0.181, 'compound': 0.9634}
{'neg': 0.015, 'neu': 0.867, 'pos': 0.118, 'compound': 0.9523}
{'neg': 0.168, 'neu': 0.719, 'pos': 0.113, 'compound': -0.936}
{'neg': 0.0, 'neu': 0.802, 'pos': 0.198, 'compound': 0.5719}
{'neg': 0.0, 'neu': 0.76, 'pos': 0.24, 'compound': 0.5837}
{'neg': 0.0, 'neu': 0.64, 'pos': 0.36, 'compound': 0.8402}
{'neg': 0.013, 'neu': 0.939, 'pos': 0.048, 'compound': 0.4297}
{'neg': 0.052, 'neu': 0.805, 'pos': 0.142, 'compound': 0.4242}
{'neg': 0.0, 'neu': 0.781, 'pos': 0.219, 'compound': 0.8883}
{'neg': 0.038, 'neu': 0.767, 'pos': 0.194, 'compound': 0.9823}
{'neg': 0.03, 'neu': 0.878, 'pos': 0.092, 'compound': 0.5984}
{'neg': 0.0, 'neu': 0.818, 'pos': 0.182, 'compound': 0.9822}
{'neg': 0.082, 'neu': 0.792, 'pos': 0.126, 'compound': 0.8355}
{'neg': 0.0, 'neu': 0.837, 'pos': 0.163, 'compound': 0.9091}
{'neg': 0.044, 'neu': 0.695, 'pos': 0.261, 'compound': 0.9857}
{'neg': 0.032, 'neu': 0.849, 'pos': 0.119, 'compound': 0.9086}
{'neg': 0.0, 'neu': 0.789, 'pos': 0.211, 'compound': 0.923}
{'neg': 0.0, 'neu': 0.962, 'pos': 0.038, 'compound': 0.2382}
{'neg': 0.0, 'neu': 0.88, 'pos': 0.12, 'compound': 0.5994}
{'neg': 0.018, 'neu': 0.838, 'pos': 0.144, 'compound': 0.9555}
{'neg': 0.0, 'neu': 0.702, 'pos': 0.298, 'compound': 0.9062}
{'neg': 0.123, 'neu': 0.791, 'pos': 0.087, 'compound': -0.5983}
{'neg': 0.081, 'neu': 0.689, 'pos': 0.229, 'compound': 0.8567}
{'neg': 0.03, 'neu': 0.932, 'pos': 0.039, 'compound': 0.0387}
{'neg': 0.083, 'neu': 0.777, 'pos': 0.139, 'compound': 0.9703}
{'neg': 0.086, 'neu': 0.677, 'pos': 0.236, 'compound': 0.8553}
{'neg': 0.075, 'neu': 0.825, 'pos': 0.099, 'compound': 0.25}
{'neg': 0.063, 'neu': 0.937, 'pos': 0.0, 'compound': -0.4007}
{'neg': 0.095, 'neu': 0.808, 'pos': 0.097, 'compound': 0.3797}
{'neg': 0.326, 'neu': 0.674, 'pos': 0.0, 'compound': -0.9509}
{'neg': 0.039, 'neu': 0.834, 'pos': 0.127, 'compound': 0.8042}
{'neg': 0.02, 'neu': 0.797, 'pos': 0.183, 'compound': 0.9094}
{'neg': 0.064, 'neu': 0.798, 'pos': 0.137, 'compound': 0.6369}
{'neg': 0.0, 'neu': 0.877, 'pos': 0.123, 'compound': 0.8126}
{'neg': 0.037, 'neu': 0.705, 'pos': 0.258, 'compound': 0.9215}
{'neg': 0.0, 'neu': 0.721, 'pos': 0.279, 'compound': 0.9738}
{'neg': 0.207, 'neu': 0.601, 'pos': 0.192, 'compound': -0.1779}
{'neg': 0.0, 'neu': 0.883, 'pos': 0.117, 'compound': 0.6114}
{'neg': 0.0, 'neu': 0.776, 'pos': 0.224, 'compound': 0.9524}
{'neg': 0.0, 'neu': 0.725, 'pos': 0.275, 'compound': 0.7243}
{'neg': 0.0, 'neu': 0.763, 'pos': 0.237, 'compound': 0.8519}
{'neg': 0.033, 'neu': 0.575, 'pos': 0.392, 'compound': 0.957}
{'neg': 0.0, 'neu': 1.0, 'pos': 0.0, 'compound': 0.0}
{'neg': 0.027, 'neu': 0.884, 'pos': 0.09, 'compound': 0.5562}
{'neg': 0.0, 'neu': 0.794, 'pos': 0.206, 'compound': 0.8439}
{'neg': 0.03, 'neu': 0.752, 'pos': 0.218, 'compound': 0.8881}
{'neg': 0.0, 'neu': 1.0, 'pos': 0.0, 'compound': 0.0}
{'neg': 0.112, 'neu': 0.671, 'pos': 0.217, 'compound': 0.5093}
{'neg': 0.0, 'neu': 1.0, 'pos': 0.0, 'compound': 0.0}
{'neg': 0.0, 'neu': 0.896, 'pos': 0.104, 'compound': 0.4404}
{'neg': 0.067, 'neu': 0.747, 'pos': 0.186, 'compound': 0.8995}
{'neg': 0.015, 'neu': 0.71, 'pos': 0.275, 'compound': 0.9814}
{'neg': 0.054, 'neu': 0.656, 'pos': 0.29, 'compound': 0.9217}
{'neg': 0.0, 'neu': 0.719, 'pos': 0.281, 'compound': 0.802}
{'neg': 0.0, 'neu': 0.858, 'pos': 0.142, 'compound': 0.8316}
{'neg': 0.0, 'neu': 0.711, 'pos': 0.289, 'compound': 0.9418}
{'neg': 0.0, 'neu': 0.76, 'pos': 0.24, 'compound': 0.8025}
{'neg': 0.093, 'neu': 0.726, 'pos': 0.181, 'compound': 0.9988}
{'neg': 0.0, 'neu': 0.58, 'pos': 0.42, 'compound': 0.4404}
{'neg': 0.0, 'neu': 0.765, 'pos': 0.235, 'compound': 0.8074}
{'neg': 0.058, 'neu': 0.794, 'pos': 0.148, 'compound': 0.9549}
{'neg': 0.0, 'neu': 0.602, 'pos': 0.398, 'compound': 0.9612}
{'neg': 0.026, 'neu': 0.974, 'pos': 0.0, 'compound': -0.3818}
{'neg': 0.061, 'neu': 0.759, 'pos': 0.18, 'compound': 0.9909}
{'neg': 0.0, 'neu': 0.617, 'pos': 0.383, 'compound': 0.8725}
{'neg': 0.0, 'neu': 0.862, 'pos': 0.138, 'compound': 0.4389}
{'neg': 0.0, 'neu': 0.888, 'pos': 0.112, 'compound': 0.7964}
{'neg': 0.0, 'neu': 1.0, 'pos': 0.0, 'compound': 0.0}
{'neg': 0.0, 'neu': 1.0, 'pos': 0.0, 'compound': 0.0}
{'neg': 0.0, 'neu': 0.849, 'pos': 0.151, 'compound': 0.6249}
{'neg': 0.043, 'neu': 0.802, 'pos': 0.155, 'compound': 0.7717}
{'neg': 0.0, 'neu': 0.838, 'pos': 0.162, 'compound': 0.4753}
{'neg': 0.074, 'neu': 0.835, 'pos': 0.09, 'compound': -0.0772}
{'neg': 0.109, 'neu': 0.67, 'pos': 0.221, 'compound': 0.96}
{'neg': 0.122, 'neu': 0.697, 'pos': 0.181, 'compound': 0.1779}
{'neg': 0.0, 'neu': 0.933, 'pos': 0.067, 'compound': 0.3197}
{'neg': 0.0, 'neu': 0.883, 'pos': 0.117, 'compound': 0.5106}
{'neg': 0.0, 'neu': 0.744, 'pos': 0.256, 'compound': 0.6705}
{'neg': 0.0, 'neu': 0.884, 'pos': 0.116, 'compound': 0.6369}
{'neg': 0.0, 'neu': 0.598, 'pos': 0.402, 'compound': 0.7506}
{'neg': 0.0, 'neu': 0.584, 'pos': 0.416, 'compound': 0.69}
{'neg': 0.098, 'neu': 0.855, 'pos': 0.048, 'compound': -0.7731}
{'neg': 0.0, 'neu': 1.0, 'pos': 0.0, 'compound': 0.0}
{'neg': 0.067, 'neu': 0.865, 'pos': 0.068, 'compound': 0.024}
{'neg': 0.027, 'neu': 0.876, 'pos': 0.097, 'compound': 0.6918}
{'neg': 0.0, 'neu': 0.522, 'pos': 0.478, 'compound': 0.8742}
{'neg': 0.0, 'neu': 0.866, 'pos': 0.134, 'compound': 0.9648}
{'neg': 0.103, 'neu': 0.729, 'pos': 0.168, 'compound': 0.6588}
{'neg': 0.0, 'neu': 0.651, 'pos': 0.349, 'compound': 0.7096}
{'neg': 0.0, 'neu': 1.0, 'pos': 0.0, 'compound': 0.0}
{'neg': 0.0, 'neu': 0.769, 'pos': 0.231, 'compound': 0.6597}
{'neg': 0.246, 'neu': 0.754, 'pos': 0.0, 'compound': -0.5562}
{'neg': 0.074, 'neu': 0.835, 'pos': 0.091, 'compound': -0.0772}
{'neg': 0.0, 'neu': 1.0, 'pos': 0.0, 'compound': 0.0}
{'neg': 0.0, 'neu': 0.841, 'pos': 0.159, 'compound': 0.9468}
{'neg': 0.0, 'neu': 0.867, 'pos': 0.133, 'compound': 0.8109}
{'neg': 0.227, 'neu': 0.773, 'pos': 0.0, 'compound': -0.4767}
{'neg': 0.0, 'neu': 1.0, 'pos': 0.0, 'compound': 0.0}
{'neg': 0.065, 'neu': 0.796, 'pos': 0.139, 'compound': 0.719}
{'neg': 0.0, 'neu': 0.726, 'pos': 0.274, 'compound': 0.8908}
{'neg': 0.0, 'neu': 0.686, 'pos': 0.314, 'compound': 0.9507}
{'neg': 0.131, 'neu': 0.64, 'pos': 0.23, 'compound': 0.1819}
{'neg': 0.0, 'neu': 0.734, 'pos': 0.266, 'compound': 0.4404}
{'neg': 0.0, 'neu': 0.848, 'pos': 0.152, 'compound': 0.9422}
{'neg': 0.0, 'neu': 0.855, 'pos': 0.145, 'compound': 0.6588}
{'neg': 0.0, 'neu': 1.0, 'pos': 0.0, 'compound': 0.0}
{'neg': 0.019, 'neu': 0.738, 'pos': 0.243, 'compound': 0.9806}
{'neg': 0.043, 'neu': 0.817, 'pos': 0.14, 'compound': 0.9701}
{'neg': 0.0, 'neu': 0.498, 'pos': 0.502, 'compound': 0.8772}
{'neg': 0.071, 'neu': 0.769, 'pos': 0.16, 'compound': 0.6572}
{'neg': 0.136, 'neu': 0.69, 'pos': 0.174, 'compound': 0.7184}
{'neg': 0.036, 'neu': 0.777, 'pos': 0.187, 'compound': 0.8445}
{'neg': 0.0, 'neu': 0.451, 'pos': 0.549, 'compound': 0.7074}
{'neg': 0.0, 'neu': 0.486, 'pos': 0.514, 'compound': 0.8591}
{'neg': 0.046, 'neu': 0.796, 'pos': 0.158, 'compound': 0.9933}
{'neg': 0.04, 'neu': 0.871, 'pos': 0.089, 'compound': 0.3798}
{'neg': 0.068, 'neu': 0.794, 'pos': 0.138, 'compound': 0.9927}
{'neg': 0.094, 'neu': 0.781, 'pos': 0.125, 'compound': 0.9929}
{'neg': 0.0, 'neu': 0.515, 'pos': 0.485, 'compound': 0.765}
{'neg': 0.064, 'neu': 0.844, 'pos': 0.092, 'compound': 0.5158}
{'neg': 0.113, 'neu': 0.776, 'pos': 0.111, 'compound': 0.2135}
{'neg': 0.0, 'neu': 0.707, 'pos': 0.293, 'compound': 0.4404}
{'neg': 0.032, 'neu': 0.853, 'pos': 0.115, 'compound': 0.796}
{'neg': 0.0, 'neu': 0.794, 'pos': 0.206, 'compound': 0.9541}
{'neg': 0.108, 'neu': 0.728, 'pos': 0.165, 'compound': 0.2023}
{'neg': 0.155, 'neu': 0.728, 'pos': 0.117, 'compound': -0.9041}
{'neg': 0.0, 'neu': 1.0, 'pos': 0.0, 'compound': 0.0}
{'neg': 0.048, 'neu': 0.636, 'pos': 0.316, 'compound': 0.9149}
{'neg': 0.0, 'neu': 0.687, 'pos': 0.313, 'compound': 0.9286}
{'neg': 0.0, 'neu': 0.68, 'pos': 0.32, 'compound': 0.9275}
{'neg': 0.0, 'neu': 0.766, 'pos': 0.234, 'compound': 0.91}
{'neg': 0.0, 'neu': 0.683, 'pos': 0.317, 'compound': 0.7574}
{'neg': 0.0, 'neu': 1.0, 'pos': 0.0, 'compound': 0.0}
{'neg': 0.0, 'neu': 1.0, 'pos': 0.0, 'compound': 0.0}
{'neg': 0.0, 'neu': 0.825, 'pos': 0.175, 'compound': 0.5688}
{'neg': 0.0, 'neu': 0.58, 'pos': 0.42, 'compound': 0.4404}
{'neg': 0.191, 'neu': 0.809, 'pos': 0.0, 'compound': -0.5499}
{'neg': 0.0, 'neu': 0.731, 'pos': 0.269, 'compound': 0.9125}
{'neg': 0.0, 'neu': 0.761, 'pos': 0.239, 'compound': 0.784}
{'neg': 0.071, 'neu': 0.868, 'pos': 0.062, 'compound': -0.819}
{'neg': 0.0, 'neu': 0.787, 'pos': 0.213, 'compound': 0.7579}
{'neg': 0.009, 'neu': 0.873, 'pos': 0.118, 'compound': 0.969}
{'neg': 0.098, 'neu': 0.82, 'pos': 0.082, 'compound': 0.2767}
{'neg': 0.0, 'neu': 0.824, 'pos': 0.176, 'compound': 0.8687}
{'neg': 0.044, 'neu': 0.847, 'pos': 0.11, 'compound': 0.9299}
{'neg': 0.0, 'neu': 1.0, 'pos': 0.0, 'compound': 0.0}
{'neg': 0.0, 'neu': 0.598, 'pos': 0.402, 'compound': 0.9781}
{'neg': 0.0, 'neu': 0.553, 'pos': 0.447, 'compound': 0.4995}
{'neg': 0.056, 'neu': 0.811, 'pos': 0.133, 'compound': 0.9562}
{'neg': 0.0, 'neu': 0.722, 'pos': 0.278, 'compound': 0.4724}
{'neg': 0.131, 'neu': 0.737, 'pos': 0.131, 'compound': -0.0}
{'neg': 0.0, 'neu': 1.0, 'pos': 0.0, 'compound': 0.0}
{'neg': 0.0, 'neu': 0.526, 'pos': 0.474, 'compound': 0.4019}
{'neg': 0.0, 'neu': 0.829, 'pos': 0.171, 'compound': 0.5106}
{'neg': 0.0, 'neu': 0.837, 'pos': 0.163, 'compound': 0.6249}
{'neg': 0.0, 'neu': 1.0, 'pos': 0.0, 'compound': 0.0}
{'neg': 0.0, 'neu': 0.9, 'pos': 0.1, 'compound': 0.4199}
{'neg': 0.0, 'neu': 0.87, 'pos': 0.13, 'compound': 0.5994}
{'neg': 0.0, 'neu': 0.836, 'pos': 0.164, 'compound': 0.5719}
{'neg': 0.0, 'neu': 0.861, 'pos': 0.139, 'compound': 0.5244}
{'neg': 0.0, 'neu': 1.0, 'pos': 0.0, 'compound': 0.0}
{'neg': 0.124, 'neu': 0.638, 'pos': 0.239, 'compound': 0.8619}
{'neg': 0.162, 'neu': 0.752, 'pos': 0.086, 'compound': -0.3045}
{'neg': 0.0, 'neu': 1.0, 'pos': 0.0, 'compound': 0.0}
{'neg': 0.069, 'neu': 0.688, 'pos': 0.243, 'compound': 0.8555}
{'neg': 0.0, 'neu': 0.947, 'pos': 0.053, 'compound': 0.1154}
{'neg': 0.0, 'neu': 0.76, 'pos': 0.24, 'compound': 0.6249}
{'neg': 0.0, 'neu': 1.0, 'pos': 0.0, 'compound': 0.0}
{'neg': 0.0, 'neu': 0.769, 'pos': 0.231, 'compound': 0.8519}
{'neg': 0.0, 'neu': 0.92, 'pos': 0.08, 'compound': 0.6249}
{'neg': 0.024, 'neu': 0.714, 'pos': 0.262, 'compound': 0.9684}
{'neg': 0.0, 'neu': 0.652, 'pos': 0.348, 'compound': 0.8622}
{'neg': 0.025, 'neu': 0.871, 'pos': 0.105, 'compound': 0.875}
{'neg': 0.0, 'neu': 0.778, 'pos': 0.222, 'compound': 0.7177}
{'neg': 0.048, 'neu': 0.694, 'pos': 0.259, 'compound': 0.9604}
{'neg': 0.033, 'neu': 0.785, 'pos': 0.182, 'compound': 0.8957}
{'neg': 0.096, 'neu': 0.721, 'pos': 0.184, 'compound': 0.9831}
{'neg': 0.0, 'neu': 0.9, 'pos': 0.1, 'compound': 0.2732}
{'neg': 0.0, 'neu': 0.804, 'pos': 0.196, 'compound': 0.7067}
{'neg': 0.119, 'neu': 0.703, 'pos': 0.178, 'compound': 0.6683}
{'neg': 0.0, 'neu': 0.946, 'pos': 0.054, 'compound': 0.4019}
{'neg': 0.0, 'neu': 0.831, 'pos': 0.169, 'compound': 0.7243}
{'neg': 0.0, 'neu': 0.844, 'pos': 0.156, 'compound': 0.9431}
{'neg': 0.03, 'neu': 0.857, 'pos': 0.113, 'compound': 0.8994}
{'neg': 0.0, 'neu': 1.0, 'pos': 0.0, 'compound': 0.0}
{'neg': 0.0, 'neu': 1.0, 'pos': 0.0, 'compound': 0.0}
{'neg': 0.095, 'neu': 0.76, 'pos': 0.145, 'compound': 0.5083}
{'neg': 0.0, 'neu': 0.758, 'pos': 0.242, 'compound': 0.4927}
{'neg': 0.213, 'neu': 0.4, 'pos': 0.387, 'compound': 0.3818}
{'neg': 0.13, 'neu': 0.763, 'pos': 0.107, 'compound': -0.2278}
{'neg': 0.0, 'neu': 0.821, 'pos': 0.179, 'compound': 0.2617}
{'neg': 0.0, 'neu': 0.811, 'pos': 0.189, 'compound': 0.9602}
{'neg': 0.0, 'neu': 0.875, 'pos': 0.125, 'compound': 0.6908}
{'neg': 0.134, 'neu': 0.58, 'pos': 0.287, 'compound': 0.906}
{'neg': 0.018, 'neu': 0.766, 'pos': 0.215, 'compound': 0.945}
{'neg': 0.0, 'neu': 0.884, 'pos': 0.116, 'compound': 0.6705}
{'neg': 0.159, 'neu': 0.717, 'pos': 0.125, 'compound': -0.2732}
{'neg': 0.0, 'neu': 1.0, 'pos': 0.0, 'compound': 0.0}
{'neg': 0.0, 'neu': 0.938, 'pos': 0.063, 'compound': 0.25}
{'neg': 0.045, 'neu': 0.854, 'pos': 0.101, 'compound': 0.9933}
{'neg': 0.0, 'neu': 1.0, 'pos': 0.0, 'compound': 0.0}
{'neg': 0.0, 'neu': 0.818, 'pos': 0.182, 'compound': 0.4404}
{'neg': 0.054, 'neu': 0.847, 'pos': 0.099, 'compound': 0.63}
{'neg': 0.097, 'neu': 0.82, 'pos': 0.083, 'compound': 0.0857}
{'neg': 0.029, 'neu': 0.681, 'pos': 0.29, 'compound': 0.9601}
{'neg': 0.0, 'neu': 0.755, 'pos': 0.245, 'compound': 0.3818}
{'neg': 0.0, 'neu': 1.0, 'pos': 0.0, 'compound': 0.0}
{'neg': 0.191, 'neu': 0.739, 'pos': 0.07, 'compound': -0.4767}
{'neg': 0.0, 'neu': 0.811, 'pos': 0.189, 'compound': 0.4215}
{'neg': 0.0, 'neu': 0.727, 'pos': 0.273, 'compound': 0.5242}
{'neg': 0.0, 'neu': 1.0, 'pos': 0.0, 'compound': 0.0}
{'neg': 0.0, 'neu': 0.858, 'pos': 0.142, 'compound': 0.7964}
{'neg': 0.054, 'neu': 0.862, 'pos': 0.084, 'compound': 0.2298}
{'neg': 0.124, 'neu': 0.876, 'pos': 0.0, 'compound': -0.4767}
{'neg': 0.0, 'neu': 0.905, 'pos': 0.095, 'compound': 0.2481}
{'neg': 0.0, 'neu': 0.646, 'pos': 0.354, 'compound': 0.6588}
{'neg': 0.0, 'neu': 0.809, 'pos': 0.191, 'compound': 0.6696}
{'neg': 0.0, 'neu': 1.0, 'pos': 0.0, 'compound': 0.0}
{'neg': 0.146, 'neu': 0.826, 'pos': 0.028, 'compound': -0.7644}
{'neg': 0.028, 'neu': 0.774, 'pos': 0.198, 'compound': 0.9476}
{'neg': 0.0, 'neu': 0.684, 'pos': 0.316, 'compound': 0.5719}
{'neg': 0.0, 'neu': 1.0, 'pos': 0.0, 'compound': 0.0}
{'neg': 0.0, 'neu': 0.59, 'pos': 0.41, 'compound': 0.9628}
{'neg': 0.042, 'neu': 0.907, 'pos': 0.051, 'compound': 0.1255}
{'neg': 0.0, 'neu': 0.846, 'pos': 0.154, 'compound': 0.7495}
{'neg': 0.0, 'neu': 1.0, 'pos': 0.0, 'compound': 0.0}
{'neg': 0.0, 'neu': 0.923, 'pos': 0.077, 'compound': 0.4767}
{'neg': 0.072, 'neu': 0.722, 'pos': 0.206, 'compound': 0.6124}
{'neg': 0.149, 'neu': 0.746, 'pos': 0.104, 'compound': -0.4329}
{'neg': 0.0, 'neu': 1.0, 'pos': 0.0, 'compound': 0.0}
{'neg': 0.0, 'neu': 0.748, 'pos': 0.252, 'compound': 0.4019}
{'neg': 0.0, 'neu': 0.786, 'pos': 0.214, 'compound': 0.8268}
{'neg': 0.0, 'neu': 0.77, 'pos': 0.23, 'compound': 0.6696}
{'neg': 0.0, 'neu': 1.0, 'pos': 0.0, 'compound': 0.0}
{'neg': 0.052, 'neu': 0.806, 'pos': 0.142, 'compound': 0.9323}
{'neg': 0.054, 'neu': 0.765, 'pos': 0.181, 'compound': 0.765}
{'neg': 0.0, 'neu': 1.0, 'pos': 0.0, 'compound': 0.0}
{'neg': 0.03, 'neu': 0.817, 'pos': 0.152, 'compound': 0.9876}
{'neg': 0.0, 'neu': 0.739, 'pos': 0.261, 'compound': 0.9889}
{'neg': 0.0, 'neu': 0.683, 'pos': 0.317, 'compound': 0.8519}
{'neg': 0.0, 'neu': 0.676, 'pos': 0.324, 'compound': 0.862}
{'neg': 0.0, 'neu': 0.549, 'pos': 0.451, 'compound': 0.6249}
{'neg': 0.0, 'neu': 0.828, 'pos': 0.172, 'compound': 0.6597}
{'neg': 0.0, 'neu': 0.837, 'pos': 0.163, 'compound': 0.2382}
{'neg': 0.03, 'neu': 0.754, 'pos': 0.216, 'compound': 0.9538}
{'neg': 0.05, 'neu': 0.819, 'pos': 0.131, 'compound': 0.8122}
{'neg': 0.0, 'neu': 0.868, 'pos': 0.132, 'compound': 0.4404}
{'neg': 0.0, 'neu': 0.855, 'pos': 0.145, 'compound': 0.9042}
{'neg': 0.0, 'neu': 0.5, 'pos': 0.5, 'compound': 0.7184}
{'neg': 0.0, 'neu': 0.827, 'pos': 0.173, 'compound': 0.6588}
{'neg': 0.0, 'neu': 0.777, 'pos': 0.223, 'compound': 0.3182}
{'neg': 0.109, 'neu': 0.746, 'pos': 0.145, 'compound': 0.8884}
{'neg': 0.083, 'neu': 0.868, 'pos': 0.049, 'compound': -0.2263}
{'neg': 0.089, 'neu': 0.707, 'pos': 0.205, 'compound': 0.7217}
{'neg': 0.076, 'neu': 0.78, 'pos': 0.143, 'compound': 0.9907}
{'neg': 0.0, 'neu': 0.648, 'pos': 0.352, 'compound': 0.8684}
{'neg': 0.0, 'neu': 0.83, 'pos': 0.17, 'compound': 0.8777}
{'neg': 0.072, 'neu': 0.809, 'pos': 0.118, 'compound': 0.5413}
{'neg': 0.0, 'neu': 0.687, 'pos': 0.313, 'compound': 0.9163}
{'neg': 0.0, 'neu': 1.0, 'pos': 0.0, 'compound': 0.0}
{'neg': 0.0, 'neu': 1.0, 'pos': 0.0, 'compound': 0.0}
{'neg': 0.248, 'neu': 0.653, 'pos': 0.099, 'compound': -0.7304}
{'neg': 0.0, 'neu': 0.661, 'pos': 0.339, 'compound': 0.5563}
{'neg': 0.0, 'neu': 1.0, 'pos': 0.0, 'compound': 0.0}
{'neg': 0.037, 'neu': 0.765, 'pos': 0.198, 'compound': 0.8864}
{'neg': 0.0, 'neu': 0.708, 'pos': 0.292, 'compound': 0.872}
{'neg': 0.0, 'neu': 0.908, 'pos': 0.092, 'compound': 0.3054}
{'neg': 0.0, 'neu': 0.828, 'pos': 0.172, 'compound': 0.4404}
{'neg': 0.027, 'neu': 0.859, 'pos': 0.115, 'compound': 0.929}
{'neg': 0.097, 'neu': 0.794, 'pos': 0.109, 'compound': 0.2023}
{'neg': 0.053, 'neu': 0.839, 'pos': 0.108, 'compound': 0.6808}
{'neg': 0.063, 'neu': 0.799, 'pos': 0.138, 'compound': 0.631}
{'neg': 0.0, 'neu': 0.615, 'pos': 0.385, 'compound': 0.3612}
{'neg': 0.0, 'neu': 0.811, 'pos': 0.189, 'compound': 0.2716}
{'neg': 0.0, 'neu': 0.784, 'pos': 0.216, 'compound': 0.9118}
{'neg': 0.0, 'neu': 0.865, 'pos': 0.135, 'compound': 0.8176}
{'neg': 0.0, 'neu': 0.484, 'pos': 0.516, 'compound': 0.4926}
{'neg': 0.0, 'neu': 1.0, 'pos': 0.0, 'compound': 0.0}
{'neg': 0.034, 'neu': 0.855, 'pos': 0.111, 'compound': 0.624}
{'neg': 0.044, 'neu': 0.703, 'pos': 0.253, 'compound': 0.9616}
{'neg': 0.0, 'neu': 0.838, 'pos': 0.162, 'compound': 0.4019}
{'neg': 0.0, 'neu': 1.0, 'pos': 0.0, 'compound': 0.0}
{'neg': 0.0, 'neu': 1.0, 'pos': 0.0, 'compound': 0.0}
{'neg': 0.0, 'neu': 0.695, 'pos': 0.305, 'compound': 0.6588}
{'neg': 0.0, 'neu': 0.889, 'pos': 0.111, 'compound': 0.8126}
{'neg': 0.034, 'neu': 0.77, 'pos': 0.196, 'compound': 0.9313}
{'neg': 0.0, 'neu': 0.695, 'pos': 0.305, 'compound': 0.6588}
{'neg': 0.086, 'neu': 0.782, 'pos': 0.132, 'compound': 0.5081}
{'neg': 0.0, 'neu': 1.0, 'pos': 0.0, 'compound': 0.0}
{'neg': 0.0, 'neu': 1.0, 'pos': 0.0, 'compound': 0.0}
{'neg': 0.064, 'neu': 0.757, 'pos': 0.179, 'compound': 0.93}
{'neg': 0.05, 'neu': 0.882, 'pos': 0.068, 'compound': 0.5621}
{'neg': 0.0, 'neu': 0.749, 'pos': 0.251, 'compound': 0.6892}
{'neg': 0.0, 'neu': 0.554, 'pos': 0.446, 'compound': 0.7034}
{'neg': 0.0, 'neu': 1.0, 'pos': 0.0, 'compound': 0.0}
{'neg': 0.07, 'neu': 0.881, 'pos': 0.048, 'compound': -0.1263}
{'neg': 0.197, 'neu': 0.68, 'pos': 0.122, 'compound': -0.6476}
{'neg': 0.0, 'neu': 0.854, 'pos': 0.146, 'compound': 0.7184}
{'neg': 0.077, 'neu': 0.8, 'pos': 0.123, 'compound': 0.9739}
{'neg': 0.0, 'neu': 1.0, 'pos': 0.0, 'compound': 0.0}
{'neg': 0.032, 'neu': 0.858, 'pos': 0.109, 'compound': 0.8687}
{'neg': 0.0, 'neu': 0.656, 'pos': 0.344, 'compound': 0.6369}
{'neg': 0.0, 'neu': 0.931, 'pos': 0.069, 'compound': 0.7184}
{'neg': 0.172, 'neu': 0.828, 'pos': 0.0, 'compound': -0.3595}
{'neg': 0.0, 'neu': 0.72, 'pos': 0.28, 'compound': 0.9832}
{'neg': 0.065, 'neu': 0.771, 'pos': 0.164, 'compound': 0.6369}
{'neg': 0.021, 'neu': 0.853, 'pos': 0.126, 'compound': 0.7738}
{'neg': 0.0, 'neu': 0.555, 'pos': 0.445, 'compound': 0.9563}
{'neg': 0.016, 'neu': 0.836, 'pos': 0.148, 'compound': 0.9169}
{'neg': 0.0, 'neu': 0.669, 'pos': 0.331, 'compound': 0.9081}
{'neg': 0.0, 'neu': 0.891, 'pos': 0.109, 'compound': 0.4912}
{'neg': 0.0, 'neu': 0.753, 'pos': 0.247, 'compound': 0.8481}
{'neg': 0.112, 'neu': 0.888, 'pos': 0.0, 'compound': -0.5284}
{'neg': 0.0, 'neu': 1.0, 'pos': 0.0, 'compound': 0.0}
{'neg': 0.0, 'neu': 0.589, 'pos': 0.411, 'compound': 0.6361}
{'neg': 0.0, 'neu': 0.78, 'pos': 0.22, 'compound': 0.7351}
{'neg': 0.0, 'neu': 1.0, 'pos': 0.0, 'compound': 0.0}
{'neg': 0.0, 'neu': 1.0, 'pos': 0.0, 'compound': 0.0}
{'neg': 0.132, 'neu': 0.786, 'pos': 0.082, 'compound': -0.34}
{'neg': 0.0, 'neu': 0.594, 'pos': 0.406, 'compound': 0.6249}
{'neg': 0.0, 'neu': 0.342, 'pos': 0.658, 'compound': 0.8268}
{'neg': 0.046, 'neu': 0.703, 'pos': 0.251, 'compound': 0.9136}
{'neg': 0.224, 'neu': 0.776, 'pos': 0.0, 'compound': -0.636}
{'neg': 0.0, 'neu': 1.0, 'pos': 0.0, 'compound': 0.0}
{'neg': 0.0, 'neu': 0.829, 'pos': 0.171, 'compound': 0.9312}
{'neg': 0.239, 'neu': 0.684, 'pos': 0.078, 'compound': -0.6341}
{'neg': 0.0, 'neu': 0.7, 'pos': 0.3, 'compound': 0.7177}
{'neg': 0.0, 'neu': 1.0, 'pos': 0.0, 'compound': 0.0}
{'neg': 0.0, 'neu': 0.549, 'pos': 0.451, 'compound': 0.6249}
{'neg': 0.046, 'neu': 0.729, 'pos': 0.225, 'compound': 0.8622}
{'neg': 0.0, 'neu': 0.784, 'pos': 0.216, 'compound': 0.5267}
{'neg': 0.0, 'neu': 0.769, 'pos': 0.231, 'compound': 0.5574}
{'neg': 0.0, 'neu': 1.0, 'pos': 0.0, 'compound': 0.0}
{'neg': 0.048, 'neu': 0.724, 'pos': 0.228, 'compound': 0.9169}
{'neg': 0.0, 'neu': 1.0, 'pos': 0.0, 'compound': 0.0}
{'neg': 0.119, 'neu': 0.725, 'pos': 0.156, 'compound': 0.7211}
{'neg': 0.0, 'neu': 0.494, 'pos': 0.506, 'compound': 0.6249}
{'neg': 0.0, 'neu': 0.858, 'pos': 0.142, 'compound': 0.796}
{'neg': 0.0, 'neu': 0.672, 'pos': 0.328, 'compound': 0.6588}
{'neg': 0.0, 'neu': 0.575, 'pos': 0.425, 'compound': 0.5719}
{'neg': 0.0, 'neu': 0.678, 'pos': 0.322, 'compound': 0.9874}
{'neg': 0.0, 'neu': 0.804, 'pos': 0.196, 'compound': 0.6588}
{'neg': 0.0, 'neu': 0.857, 'pos': 0.143, 'compound': 0.3612}
{'neg': 0.0, 'neu': 1.0, 'pos': 0.0, 'compound': 0.0}
{'neg': 0.0, 'neu': 0.941, 'pos': 0.059, 'compound': 0.4939}
{'neg': 0.0, 'neu': 1.0, 'pos': 0.0, 'compound': 0.0}
{'neg': 0.0, 'neu': 0.72, 'pos': 0.28, 'compound': 0.6467}
{'neg': 0.023, 'neu': 0.85, 'pos': 0.127, 'compound': 0.7109}
{'neg': 0.144, 'neu': 0.718, 'pos': 0.138, 'compound': -0.0258}
{'neg': 0.083, 'neu': 0.73, 'pos': 0.187, 'compound': 0.9518}
{'neg': 0.0, 'neu': 1.0, 'pos': 0.0, 'compound': 0.0}
{'neg': 0.0, 'neu': 0.632, 'pos': 0.368, 'compound': 0.7906}
{'neg': 0.142, 'neu': 0.71, 'pos': 0.148, 'compound': 0.0258}
{'neg': 0.0, 'neu': 0.695, 'pos': 0.305, 'compound': 0.9062}
{'neg': 0.0, 'neu': 0.423, 'pos': 0.577, 'compound': 0.6249}
{'neg': 0.0, 'neu': 0.856, 'pos': 0.144, 'compound': 0.4019}
{'neg': 0.0, 'neu': 0.488, 'pos': 0.512, 'compound': 0.6369}
{'neg': 0.0, 'neu': 0.811, 'pos': 0.189, 'compound': 0.4199}
{'neg': 0.0, 'neu': 0.616, 'pos': 0.384, 'compound': 0.6808}
{'neg': 0.195, 'neu': 0.756, 'pos': 0.048, 'compound': -0.7906}
{'neg': 0.051, 'neu': 0.784, 'pos': 0.165, 'compound': 0.8316}
{'neg': 0.107, 'neu': 0.636, 'pos': 0.257, 'compound': 0.9495}
{'neg': 0.0, 'neu': 0.828, 'pos': 0.172, 'compound': 0.8194}
{'neg': 0.0, 'neu': 0.782, 'pos': 0.218, 'compound': 0.7707}
{'neg': 0.0, 'neu': 0.671, 'pos': 0.329, 'compound': 0.6597}
{'neg': 0.0, 'neu': 0.664, 'pos': 0.336, 'compound': 0.8442}
{'neg': 0.0, 'neu': 0.9, 'pos': 0.1, 'compound': 0.4404}
{'neg': 0.0, 'neu': 1.0, 'pos': 0.0, 'compound': 0.0}
{'neg': 0.0, 'neu': 0.885, 'pos': 0.115, 'compound': 0.541}
{'neg': 0.0, 'neu': 0.849, 'pos': 0.151, 'compound': 0.4767}
{'neg': 0.0, 'neu': 0.605, 'pos': 0.395, 'compound': 0.9432}
{'neg': 0.0, 'neu': 1.0, 'pos': 0.0, 'compound': 0.0}
{'neg': 0.08, 'neu': 0.92, 'pos': 0.0, 'compound': -0.4019}
{'neg': 0.059, 'neu': 0.941, 'pos': 0.0, 'compound': -0.1154}
{'neg': 0.0, 'neu': 0.566, 'pos': 0.434, 'compound': 0.9298}
{'neg': 0.0, 'neu': 0.641, 'pos': 0.359, 'compound': 0.4215}
{'neg': 0.0, 'neu': 0.735, 'pos': 0.265, 'compound': 0.876}
{'neg': 0.0, 'neu': 0.785, 'pos': 0.215, 'compound': 0.8926}
{'neg': 0.0, 'neu': 1.0, 'pos': 0.0, 'compound': 0.0}
{'neg': 0.0, 'neu': 1.0, 'pos': 0.0, 'compound': 0.0}
{'neg': 0.055, 'neu': 0.793, 'pos': 0.152, 'compound': 0.9392}
{'neg': 0.054, 'neu': 0.816, 'pos': 0.131, 'compound': 0.596}
{'neg': 0.0, 'neu': 0.645, 'pos': 0.355, 'compound': 0.872}
{'neg': 0.0, 'neu': 0.92, 'pos': 0.08, 'compound': 0.2714}
{'neg': 0.0, 'neu': 0.656, 'pos': 0.344, 'compound': 0.2732}
{'neg': 0.019, 'neu': 0.87, 'pos': 0.111, 'compound': 0.836}
{'neg': 0.0, 'neu': 1.0, 'pos': 0.0, 'compound': 0.0}
{'neg': 0.0, 'neu': 1.0, 'pos': 0.0, 'compound': 0.0}
{'neg': 0.064, 'neu': 0.803, 'pos': 0.134, 'compound': 0.7609}
{'neg': 0.0, 'neu': 0.717, 'pos': 0.283, 'compound': 0.9467}
{'neg': 0.0, 'neu': 0.742, 'pos': 0.258, 'compound': 0.8077}
{'neg': 0.0, 'neu': 1.0, 'pos': 0.0, 'compound': 0.0}
{'neg': 0.0, 'neu': 1.0, 'pos': 0.0, 'compound': 0.0}
{'neg': 0.0, 'neu': 1.0, 'pos': 0.0, 'compound': 0.0}
{'neg': 0.0, 'neu': 0.662, 'pos': 0.338, 'compound': 0.8479}
{'neg': 0.0, 'neu': 0.598, 'pos': 0.402, 'compound': 0.8775}
{'neg': 0.0, 'neu': 0.761, 'pos': 0.239, 'compound': 0.5719}
{'neg': 0.0, 'neu': 0.7, 'pos': 0.3, 'compound': 0.9491}
{'neg': 0.125, 'neu': 0.72, 'pos': 0.155, 'compound': 0.2023}
{'neg': 0.0, 'neu': 0.667, 'pos': 0.333, 'compound': 0.3612}
{'neg': 0.0, 'neu': 0.856, 'pos': 0.144, 'compound': 0.4927}
{'neg': 0.103, 'neu': 0.75, 'pos': 0.147, 'compound': 0.5907}
{'neg': 0.0, 'neu': 0.857, 'pos': 0.143, 'compound': 0.4902}
{'neg': 0.0, 'neu': 0.727, 'pos': 0.273, 'compound': 0.9636}
{'neg': 0.099, 'neu': 0.866, 'pos': 0.035, 'compound': -0.5358}
{'neg': 0.0, 'neu': 0.423, 'pos': 0.577, 'compound': 0.6249}
{'neg': 0.0, 'neu': 1.0, 'pos': 0.0, 'compound': 0.0}
{'neg': 0.0, 'neu': 1.0, 'pos': 0.0, 'compound': 0.0}
{'neg': 0.021, 'neu': 0.831, 'pos': 0.148, 'compound': 0.9938}
{'neg': 0.0, 'neu': 0.71, 'pos': 0.29, 'compound': 0.6486}
{'neg': 0.0, 'neu': 0.781, 'pos': 0.219, 'compound': 0.4754}
{'neg': 0.0, 'neu': 1.0, 'pos': 0.0, 'compound': 0.0}
{'neg': 0.0, 'neu': 1.0, 'pos': 0.0, 'compound': 0.0}
{'neg': 0.0, 'neu': 0.501, 'pos': 0.499, 'compound': 0.8388}
{'neg': 0.0, 'neu': 0.823, 'pos': 0.177, 'compound': 0.4201}
{'neg': 0.055, 'neu': 0.827, 'pos': 0.118, 'compound': 0.3612}
{'neg': 0.0, 'neu': 1.0, 'pos': 0.0, 'compound': 0.0}
{'neg': 0.063, 'neu': 0.833, 'pos': 0.103, 'compound': 0.1027}
{'neg': 0.0, 'neu': 0.8, 'pos': 0.2, 'compound': 0.3612}
{'neg': 0.0, 'neu': 0.69, 'pos': 0.31, 'compound': 0.8658}
{'neg': 0.054, 'neu': 0.683, 'pos': 0.263, 'compound': 0.8215}
{'neg': 0.0, 'neu': 0.783, 'pos': 0.217, 'compound': 0.8225}
{'neg': 0.0, 'neu': 0.919, 'pos': 0.081, 'compound': 0.4404}
{'neg': 0.094, 'neu': 0.686, 'pos': 0.22, 'compound': 0.6597}
{'neg': 0.0, 'neu': 0.857, 'pos': 0.143, 'compound': 0.6892}
{'neg': 0.0, 'neu': 1.0, 'pos': 0.0, 'compound': 0.0}
{'neg': 0.0, 'neu': 0.744, 'pos': 0.256, 'compound': 0.4753}
{'neg': 0.0, 'neu': 1.0, 'pos': 0.0, 'compound': 0.0}
{'neg': 0.0, 'neu': 0.385, 'pos': 0.615, 'compound': 0.4926}
{'neg': 0.0, 'neu': 0.759, 'pos': 0.241, 'compound': 0.8065}
{'neg': 0.064, 'neu': 0.936, 'pos': 0.0, 'compound': -0.296}
{'neg': 0.0, 'neu': 1.0, 'pos': 0.0, 'compound': 0.0}
